-400.0 400.0 0.0
-400.0 400.0 0.0
-400.0 400.0 0.0
-399.999829 399.999829 0.0095
-399.99965799999995 399.99965799999995 0.0
-399.99948699999993 399.99948699999993 0.0
-399.9993159999999 399.9993159999999 0.0
-399.9989739999999 399.9989739999999 0.0095
-399.99863199999993 399.99863199999993 0.0
-399.99828999999994 399.99828999999994 0.0
-399.99794799999995 399.99794799999995 0.0
-399.99743499999994 399.99743499999994 0.0095
-399.9969219999999 399.9969219999999 0.0
-399.9964089999999 399.9964089999999 0.0
-399.9958959999999 399.9958959999999 0.0
-399.9952119999999 399.9952119999999 0.0095
-399.99452799999995 399.99452799999995 0.0
-399.99384399999997 399.99384399999997 0.0
-399.99316 399.99316 0.0
-399.992305 399.992305 0.0095
-399.99145 399.99145 0.0
-399.990595 399.990595 0.0
-399.98974 399.98974 0.0
-399.98871399999996 399.98871399999996 0.0095
-399.98768799999993 399.98768799999993 0.0
-399.9866619999999 399.9866619999999 0.0
-399.9856359999999 399.9856359999999 0.0
-399.9844389999999 399.9844389999999 0.0095
-399.9832419999999 399.9832419999999 0.0
-399.9820449999999 399.9820449999999 0.0
-399.9808479999999 399.9808479999999 0.0
-399.9794799999999 399.9794799999999 0.0095
-399.9781119999999 399.9781119999999 0.0
-399.9767439999999 399.9767439999999 0.0
-399.97537599999987 399.97537599999987 0.0
-399.9738369999999 399.9738369999999 0.0095
-399.9722979999999 399.9722979999999 0.0
-399.97075899999993 399.97075899999993 0.0
-399.96921999999995 399.96921999999995 0.0
-399.96750999999995 399.96750999999995 0.0095
-399.96579999999994 399.96579999999994 0.0
-399.96408999999994 399.96408999999994 0.0
-399.96237999999994 399.96237999999994 0.0
-399.9604989999999 399.9604989999999 0.0095
-399.9586179999999 399.9586179999999 0.0
-399.95673699999986 399.95673699999986 0.0
-399.95485599999984 399.95485599999984 0.0
-399.95280399999984 399.95280399999984 0.0095
-399.95075199999985 399.95075199999985 0.0
-399.94869999999986 399.94869999999986 0.0
-399.94664799999987 399.94664799999987 0.0
-399.94442499999985 399.94442499999985 0.0095
-399.94220199999984 399.94220199999984 0.0
-399.9399789999998 399.9399789999998 0.0
-399.9377559999998 399.9377559999998 0.0
-399.9353619999998 399.9353619999998 0.0095
-399.93296799999985 399.93296799999985 0.0
-399.93057399999987 399.93057399999987 0.0
-399.9281799999999 399.9281799999999 0.0
-399.9256149999999 399.9256149999999 0.0095
-399.9230499999999 399.9230499999999 0.0
-399.92048499999987 399.92048499999987 0.0
-399.91791999999987 399.91791999999987 0.0
-399.91518399999984 399.91518399999984 0.0095
-399.9124479999998 399.9124479999998 0.0
-399.9097119999998 399.9097119999998 0.0
-399.90697599999976 399.90697599999976 0.0
-399.90406899999977 399.90406899999977 0.0095
-399.9011619999998 399.9011619999998 0.0
-399.8982549999998 399.8982549999998 0.0
-399.8953479999998 399.8953479999998 0.0
-399.89226999999977 399.89226999999977 0.0095
-399.88919199999975 399.88919199999975 0.0
-399.88611399999974 399.88611399999974 0.0
-399.8830359999997 399.8830359999997 0.0
-399.87978699999974 399.87978699999974 0.0095
-399.87653799999975 399.87653799999975 0.0
-399.8732889999998 399.8732889999998 0.0
-399.8700399999998 399.8700399999998 0.0
-399.8666199999998 399.8666199999998 0.0095
-399.8631999999998 399.8631999999998 0.0
-399.8597799999998 399.8597799999998 0.0
-399.85635999999977 399.85635999999977 0.0
-399.8527689999998 399.8527689999998 0.0095
-399.8491779999998 399.8491779999998 0.0
-399.84558699999985 399.84558699999985 0.0
-399.8419959999999 399.8419959999999 0.0
-399.8382339999999 399.8382339999999 0.0095
-399.8344719999999 399.8344719999999 0.0
-399.8307099999999 399.8307099999999 0.0
-399.8269479999999 399.8269479999999 0.0
-399.8230149999999 399.8230149999999 0.0095
-399.81908199999987 399.81908199999987 0.0
-399.81514899999985 399.81514899999985 0.0
-399.81121599999983 399.81121599999983 0.0
-399.80711199999985 399.80711199999985 0.0095
-399.80300799999986 399.80300799999986 0.0
-399.7989039999999 399.7989039999999 0.0
-399.7947999999999 399.7947999999999 0.0
-399.7905249999999 399.7905249999999 0.0095
-399.7862499999999 399.7862499999999 0.0
-399.7819749999999 399.7819749999999 0.0
-399.77769999999987 399.77769999999987 0.0
-399.7732539999999 399.7732539999999 0.0095
-399.7688079999999 399.7688079999999 0.0
-399.76436199999995 399.76436199999995 0.0
-399.759916 399.759916 0.0
-399.755299 399.755299 0.0095
-399.750682 399.750682 0.0
-399.746065 399.746065 0.0
-399.741448 399.741448 0.0
-399.73666 399.73666 0.0095
-399.73187199999995 399.73187199999995 0.0
-399.72708399999993 399.72708399999993 0.0
-399.7222959999999 399.7222959999999 0.0
-399.71733699999993 399.71733699999993 0.0095
-399.71237799999994 399.71237799999994 0.0
-399.70741899999996 399.70741899999996 0.0
-399.70246 399.70246 0.0
-399.69732999999997 399.69732999999997 0.0095
-399.69219999999996 399.69219999999996 0.0
-399.68706999999995 399.68706999999995 0.0
-399.68193999999994 399.68193999999994 0.0
-399.67663899999997 399.67663899999997 0.0095
-399.671338 399.671338 0.0
-399.666037 399.666037 0.0
-399.66073600000004 399.66073600000004 0.0
-399.65526400000005 399.65526400000005 0.0095
-399.64979200000005 399.64979200000005 0.0
-399.64432000000005 399.64432000000005 0.0
-399.63884800000005 399.63884800000005 0.0
-399.63320500000003 399.63320500000003 0.0095
-399.627562 399.627562 0.0
-399.621919 399.621919 0.0
-399.61627599999997 399.61627599999997 0.0
-399.610462 399.610462 0.0095
-399.604648 399.604648 0.0
-399.598834 399.598834 0.0
-399.59302 399.59302 0.0
-399.587035 399.587035 0.0095
-399.58105 399.58105 0.0
-399.575065 399.575065 0.0
-399.56908 399.56908 0.0
-399.562924 399.562924 0.0095
-399.55676800000003 399.55676800000003 0.0
-399.55061200000006 399.55061200000006 0.0
-399.5444560000001 399.5444560000001 0.0
-399.5381290000001 399.5381290000001 0.0095
-399.5318020000001 399.5318020000001 0.0
-399.5254750000001 399.5254750000001 0.0
-399.5191480000001 399.5191480000001 0.0
-399.51265000000006 399.51265000000006 0.0095
-399.50615200000004 399.50615200000004 0.0
-399.499654 399.499654 0.0
-399.493156 399.493156 0.0
-399.486487 399.486487 0.0095
-399.479818 399.479818 0.0
-399.47314900000003 399.47314900000003 0.0
-399.46648000000005 399.46648000000005 0.0
-399.45964000000004 399.45964000000004 0.0095
-399.4528 399.4528 0.0
-399.44596 399.44596 0.0
-399.43912 399.43912 0.0
-399.432109 399.432109 0.0095
-399.42509800000005 399.42509800000005 0.0
-399.41808700000007 399.41808700000007 0.0
-399.4110760000001 399.4110760000001 0.0
-399.4038940000001 399.4038940000001 0.0095
-399.3967120000001 399.3967120000001 0.0
-399.3895300000001 399.3895300000001 0.0
-399.3823480000001 399.3823480000001 0.0
-399.37499500000007 399.37499500000007 0.0095
-399.36764200000005 399.36764200000005 0.0
-399.360289 399.360289 0.0
-399.352936 399.352936 0.0
-399.345412 399.345412 0.0095
-399.337888 399.337888 0.0
-399.33036400000003 399.33036400000003 0.0
-399.32284000000004 399.32284000000004 0.0
-399.31514500000003 399.31514500000003 0.0095
-399.30745 399.30745 0.0
-399.299755 399.299755 0.0
-399.29206 399.29206 0.0
-399.284194 399.284194 0.0095
-399.27632800000003 399.27632800000003 0.0
-399.26846200000006 399.26846200000006 0.0
-399.2605960000001 399.2605960000001 0.0
-399.2525590000001 399.2525590000001 0.0095
-399.2445220000001 399.2445220000001 0.0
-399.2364850000001 399.2364850000001 0.0
-399.22844800000007 399.22844800000007 0.0
-399.22024000000005 399.22024000000005 0.0095
-399.212032 399.212032 0.0
-399.203824 399.203824 0.0
-399.195616 399.195616 0.0
-399.187237 399.187237 0.0095
-399.178858 399.178858 0.0
-399.170479 399.170479 0.0
-399.1621 399.1621 0.0
-399.15355 399.15355 0.0095
-399.145 399.145 0.0
-399.13644999999997 399.13644999999997 0.0
-399.12789999999995 399.12789999999995 0.0
-399.119179 399.119179 0.0095
-399.110458 399.110458 0.0
-399.101737 399.101737 0.0
-399.09301600000003 399.09301600000003 0.0
-399.08412400000003 399.08412400000003 0.0095
-399.075232 399.075232 0.0
-399.06634 399.06634 0.0
-399.057448 399.057448 0.0
-399.048385 399.048385 0.0095
-399.03932199999997 399.03932199999997 0.0
-399.03025899999994 399.03025899999994 0.0
-399.0211959999999 399.0211959999999 0.0
-399.0119619999999 399.0119619999999 0.0095
-399.00272799999993 399.00272799999993 0.0
-398.99349399999994 398.99349399999994 0.0
-398.98425999999995 398.98425999999995 0.0
-398.97485499999993 398.97485499999993 0.0095
-398.9654499999999 398.9654499999999 0.0
-398.9560449999999 398.9560449999999 0.0
-398.9466399999999 398.9466399999999 0.0
-398.9370639999999 398.9370639999999 0.0095
-398.9274879999999 398.9274879999999 0.0
-398.91791199999994 398.91791199999994 0.0
-398.90833599999996 398.90833599999996 0.0
-398.89858899999996 398.89858899999996 0.0095
-398.88884199999995 398.88884199999995 0.0
-398.87909499999995 398.87909499999995 0.0
-398.86934799999995 398.86934799999995 0.0
-398.8594299999999 398.8594299999999 0.0095
-398.8495119999999 398.8495119999999 0.0
-398.83959399999986 398.83959399999986 0.0
-398.82967599999984 398.82967599999984 0.0
-398.81958699999984 398.81958699999984 0.0095
-398.80949799999985 398.80949799999985 0.0
-398.79940899999986 398.79940899999986 0.0
-398.78931999999986 398.78931999999986 0.0
-398.77905999999984 398.77905999999984 0.0095
-398.7687999999998 398.7687999999998 0.0
-398.7585399999998 398.7585399999998 0.0
-398.7482799999998 398.7482799999998 0.0
-398.7378489999998 398.7378489999998 0.0095
-398.72741799999983 398.72741799999983 0.0
-398.71698699999985 398.71698699999985 0.0
-398.70655599999986 398.70655599999986 0.0
-398.69595399999986 398.69595399999986 0.0095
-398.68535199999985 398.68535199999985 0.0
-398.67474999999985 398.67474999999985 0.0
-398.66414799999984 398.66414799999984 0.0
-398.65337499999987 398.65337499999987 0.0095
-398.6426019999999 398.6426019999999 0.0
-398.6318289999999 398.6318289999999 0.0
-398.62105599999995 398.62105599999995 0.0
-398.61011199999996 398.61011199999996 0.0095
-398.59916799999996 398.59916799999996 0.0
-398.58822399999997 398.58822399999997 0.0
-398.57728 398.57728 0.0
-398.56616499999996 398.56616499999996 0.0095
-398.55504999999994 398.55504999999994 0.0
-398.5439349999999 398.5439349999999 0.0
-398.5328199999999 398.5328199999999 0.0
-398.5215339999999 398.5215339999999 0.0095
-398.51024799999993 398.51024799999993 0.0
-398.49896199999995 398.49896199999995 0.0
-398.48767599999996 398.48767599999996 0.0
-398.47621899999996 398.47621899999996 0.0095
-398.46476199999995 398.46476199999995 0.0
-398.45330499999994 398.45330499999994 0.0
-398.44184799999994 398.44184799999994 0.0
-398.43021999999996 398.43021999999996 0.0095
-398.418592 398.418592 0.0
-398.406964 398.406964 0.0
-398.39533600000004 398.39533600000004 0.0
-398.38353700000005 398.38353700000005 0.0095
-398.37173800000005 398.37173800000005 0.0
-398.35993900000005 398.35993900000005 0.0
-398.34814000000006 398.34814000000006 0.0
-398.33617000000004 398.33617000000004 0.0095
-398.3242 398.3242 0.0
-398.31223 398.31223 0.0
-398.30026 398.30026 0.0
-398.288119 398.288119 0.0095
-398.275978 398.275978 0.0
-398.263837 398.263837 0.0
-398.25169600000004 398.25169600000004 0.0
-398.23938400000003 398.23938400000003 0.0095
-398.227072 398.227072 0.0
-398.21476 398.21476 0.0
-398.202448 398.202448 0.0
-398.18996500000003 398.18996500000003 0.0095
-398.17748200000005 398.17748200000005 0.0
-398.1649990000001 398.1649990000001 0.0
-398.1525160000001 398.1525160000001 0.0
-398.1398620000001 398.1398620000001 0.0095
-398.1272080000001 398.1272080000001 0.0
-398.1145540000001 398.1145540000001 0.0
-398.1019000000001 398.1019000000001 0.0
-398.0890750000001 398.0890750000001 0.0095
-398.0762500000001 398.0762500000001 0.0
-398.06342500000005 398.06342500000005 0.0
-398.05060000000003 398.05060000000003 0.0
-398.03760400000004 398.03760400000004 0.0095
-398.02460800000006 398.02460800000006 0.0
-398.01161200000007 398.01161200000007 0.0
-397.9986160000001 397.9986160000001 0.0
-397.9854490000001 397.9854490000001 0.0095
-397.97228200000006 397.97228200000006 0.0
-397.95911500000005 397.95911500000005 0.0
-397.94594800000004 397.94594800000004 0.0
-397.93261000000007 397.93261000000007 0.0095
-397.9192720000001 397.9192720000001 0.0
-397.9059340000001 397.9059340000001 0.0
-397.89259600000014 397.89259600000014 0.0
-397.87908700000014 397.87908700000014 0.0095
-397.86557800000014 397.86557800000014 0.0
-397.85206900000014 397.85206900000014 0.0
-397.83856000000014 397.83856000000014 0.0
-397.8248800000001 397.8248800000001 0.0095
-397.8112000000001 397.8112000000001 0.0
-397.7975200000001 397.7975200000001 0.0
-397.78384000000005 397.78384000000005 0.0
-397.76998900000007 397.76998900000007 0.0095
-397.7561380000001 397.7561380000001 0.0
-397.7422870000001 397.7422870000001 0.0
-397.7284360000001 397.7284360000001 0.0
-397.7144140000001 397.7144140000001 0.0095
-397.7003920000001 397.7003920000001 0.0
-397.68637000000007 397.68637000000007 0.0
-397.67234800000006 397.67234800000006 0.0
-397.6581550000001 397.6581550000001 0.0095
-397.6439620000001 397.6439620000001 0.0
-397.6297690000001 397.6297690000001 0.0
-397.61557600000015 397.61557600000015 0.0
-397.60121200000015 397.60121200000015 0.0095
-397.58684800000015 397.58684800000015 0.0
-397.57248400000014 397.57248400000014 0.0
-397.55812000000014 397.55812000000014 0.0
-397.5435850000001 397.5435850000001 0.0095
-397.5290500000001 397.5290500000001 0.0
-397.5145150000001 397.5145150000001 0.0
-397.49998000000005 397.49998000000005 0.0
-397.48527400000006 397.48527400000006 0.0095
-397.47056800000007 397.47056800000007 0.0
-397.4558620000001 397.4558620000001 0.0
-397.4411560000001 397.4411560000001 0.0
-397.4262790000001 397.4262790000001 0.0095
-397.41140200000007 397.41140200000007 0.0
-397.39652500000005 397.39652500000005 0.0
-397.38164800000004 397.38164800000004 0.0
-397.36660000000006 397.36660000000006 0.0095
-397.3515520000001 397.3515520000001 0.0
-397.3365040000001 397.3365040000001 0.0
-397.3214560000001 397.3214560000001 0.0
-397.3062370000001 397.3062370000001 0.0095
-397.2910180000001 397.2910180000001 0.0
-397.2757990000001 397.2757990000001 0.0
-397.2605800000001 397.2605800000001 0.0
-397.2451900000001 397.2451900000001 0.0095
-397.22980000000007 397.22980000000007 0.0
-397.21441000000004 397.21441000000004 0.0
-397.19902 397.19902 0.0
-397.183459 397.183459 0.0095
-397.16789800000004 397.16789800000004 0.0
-397.15233700000005 397.15233700000005 0.0
-397.13677600000005 397.13677600000005 0.0
-397.12104400000004 397.12104400000004 0.0095
-397.105312 397.105312 0.0
-397.08958 397.08958 0.0
-397.073848 397.073848 0.0
-397.057945 397.057945 0.0095
-397.04204200000004 397.04204200000004 0.0
-397.02613900000006 397.02613900000006 0.0
-397.0102360000001 397.0102360000001 0.0
-396.9941620000001 396.9941620000001 0.0095
-396.97808800000007 396.97808800000007 0.0
-396.96201400000007 396.96201400000007 0.0
-396.94594000000006 396.94594000000006 0.0
-396.92969500000004 396.92969500000004 0.0095
-396.91345 396.91345 0.0
-396.897205 396.897205 0.0
-396.88095999999996 396.88095999999996 0.0
-396.86454399999997 396.86454399999997 0.0095
-396.848128 396.848128 0.0
-396.831712 396.831712 0.0
-396.815296 396.815296 0.0
-396.798709 396.798709 0.0095
-396.78212199999996 396.78212199999996 0.0
-396.76553499999994 396.76553499999994 0.0
-396.7489479999999 396.7489479999999 0.0
-396.73218999999995 396.73218999999995 0.0095
-396.71543199999996 396.71543199999996 0.0
-396.698674 396.698674 0.0
-396.681916 396.681916 0.0
-396.664987 396.664987 0.0095
-396.648058 396.648058 0.0
-396.631129 396.631129 0.0
-396.6142 396.6142 0.0
-396.59709999999995 396.59709999999995 0.0095
-396.5799999999999 396.5799999999999 0.0
-396.5628999999999 396.5628999999999 0.0
-396.5457999999999 396.5457999999999 0.0
-396.5285289999999 396.5285289999999 0.0095
-396.5112579999999 396.5112579999999 0.0
-396.4939869999999 396.4939869999999 0.0
-396.4767159999999 396.4767159999999 0.0
-396.4592739999999 396.4592739999999 0.0095
-396.44183199999986 396.44183199999986 0.0
-396.42438999999985 396.42438999999985 0.0
-396.40694799999983 396.40694799999983 0.0
-396.38933499999985 396.38933499999985 0.0095
-396.37172199999986 396.37172199999986 0.0
-396.3541089999999 396.3541089999999 0.0
-396.3364959999999 396.3364959999999 0.0
-396.3187119999999 396.3187119999999 0.0095
-396.3009279999999 396.3009279999999 0.0
-396.2831439999999 396.2831439999999 0.0
-396.2653599999999 396.2653599999999 0.0
-396.2474049999999 396.2474049999999 0.0095
-396.22944999999993 396.22944999999993 0.0
-396.21149499999996 396.21149499999996 0.0
-396.19354 396.19354 0.0
-396.175414 396.175414 0.0095
-396.157288 396.157288 0.0
-396.139162 396.139162 0.0
-396.121036 396.121036 0.0
-396.102739 396.102739 0.0095
-396.08444199999997 396.08444199999997 0.0
-396.06614499999995 396.06614499999995 0.0
-396.04784799999993 396.04784799999993 0.0
-396.02937999999995 396.02937999999995 0.0095
-396.01091199999996 396.01091199999996 0.0
-395.992444 395.992444 0.0
-395.973976 395.973976 0.0
-395.955337 395.955337 0.0095
-395.936698 395.936698 0.0
-395.91805899999997 395.91805899999997 0.0
-395.89941999999996 395.89941999999996 0.0
-395.88061 395.88061 0.0095
-395.8618 395.8618 0.0
-395.84299000000004 395.84299000000004 0.0
-395.82418000000007 395.82418000000007 0.0
-395.8051990000001 395.8051990000001 0.0095
-395.7862180000001 395.7862180000001 0.0
-395.7672370000001 395.7672370000001 0.0
-395.7482560000001 395.7482560000001 0.0
-395.72910400000006 395.72910400000006 0.0095
-395.70995200000004 395.70995200000004 0.0
-395.6908 395.6908 0.0
-395.671648 395.671648 0.0
-395.652325 395.652325 0.0095
-395.63300200000003 395.63300200000003 0.0
-395.61367900000005 395.61367900000005 0.0
-395.59435600000006 395.59435600000006 0.0
-395.57486200000005 395.57486200000005 0.0095
-395.55536800000004 395.55536800000004 0.0
-395.53587400000004 395.53587400000004 0.0
-395.51638 395.51638 0.0
-395.49671500000005 395.49671500000005 0.0095
-395.4770500000001 395.4770500000001 0.0
-395.4573850000001 395.4573850000001 0.0
-395.4377200000001 395.4377200000001 0.0
-395.41788400000013 395.41788400000013 0.0095
-395.39804800000013 395.39804800000013 0.0
-395.37821200000013 395.37821200000013 0.0
-395.35837600000013 395.35837600000013 0.0
-395.3383690000001 395.3383690000001 0.0095
-395.3183620000001 395.3183620000001 0.0
-395.2983550000001 395.2983550000001 0.0
-395.27834800000005 395.27834800000005 0.0
-395.25817000000006 395.25817000000006 0.0095
-395.2379920000001 395.2379920000001 0.0
-395.2178140000001 395.2178140000001 0.0
-395.1976360000001 395.1976360000001 0.0
-395.1772870000001 395.1772870000001 0.0095
-395.1569380000001 395.1569380000001 0.0
-395.1365890000001 395.1365890000001 0.0
-395.11624000000006 395.11624000000006 0.0
-395.0957200000001 395.0957200000001 0.0095
-395.0752000000001 395.0752000000001 0.0
-395.05468000000013 395.05468000000013 0.0
-395.03416000000016 395.03416000000016 0.0
-395.01346900000016 395.01346900000016 0.0095
-394.99277800000016 394.99277800000016 0.0
-394.97208700000016 394.97208700000016 0.0
-394.95139600000016 394.95139600000016 0.0
-394.93053400000014 394.93053400000014 0.0095
-394.9096720000001 394.9096720000001 0.0
-394.8888100000001 394.8888100000001 0.0
-394.86794800000007 394.86794800000007 0.0
-394.8469150000001 394.8469150000001 0.0095
-394.8258820000001 394.8258820000001 0.0
-394.8048490000001 394.8048490000001 0.0
-394.7838160000001 394.7838160000001 0.0
-394.7626120000001 394.7626120000001 0.0095
-394.7414080000001 394.7414080000001 0.0
-394.7202040000001 394.7202040000001 0.0
-394.69900000000007 394.69900000000007 0.0
-394.6776250000001 394.6776250000001 0.0095
-394.6562500000001 394.6562500000001 0.0
-394.63487500000014 394.63487500000014 0.0
-394.61350000000016 394.61350000000016 0.0
-394.59195400000016 394.59195400000016 0.0095
-394.57040800000016 394.57040800000016 0.0
-394.54886200000016 394.54886200000016 0.0
-394.52731600000016 394.52731600000016 0.0
-394.50559900000013 394.50559900000013 0.0095
-394.4838820000001 394.4838820000001 0.0
-394.4621650000001 394.4621650000001 0.0
-394.44044800000006 394.44044800000006 0.0
-394.41856000000007 394.41856000000007 0.0095
-394.3966720000001 394.3966720000001 0.0
-394.3747840000001 394.3747840000001 0.0
-394.3528960000001 394.3528960000001 0.0
-394.3308370000001 394.3308370000001 0.0095
-394.3087780000001 394.3087780000001 0.0
-394.28671900000006 394.28671900000006 0.0
-394.26466000000005 394.26466000000005 0.0
-394.24243000000007 394.24243000000007 0.0095
-394.2202000000001 394.2202000000001 0.0
-394.1979700000001 394.1979700000001 0.0
-394.17574000000013 394.17574000000013 0.0
-394.15333900000013 394.15333900000013 0.0095
-394.1309380000001 394.1309380000001 0.0
-394.1085370000001 394.1085370000001 0.0
-394.0861360000001 394.0861360000001 0.0
-394.0635640000001 394.0635640000001 0.0095
-394.0409920000001 394.0409920000001 0.0
-394.01842000000005 394.01842000000005 0.0
-393.995848 393.995848 0.0
-393.97310500000003 393.97310500000003 0.0095
-393.95036200000004 393.95036200000004 0.0
-393.92761900000005 393.92761900000005 0.0
-393.90487600000006 393.90487600000006 0.0
-393.88196200000004 393.88196200000004 0.0095
-393.85904800000003 393.85904800000003 0.0
-393.836134 393.836134 0.0
-393.81322 393.81322 0.0
-393.790135 393.790135 0.0095
-393.76705000000004 393.76705000000004 0.0
-393.74396500000006 393.74396500000006 0.0
-393.7208800000001 393.7208800000001 0.0
-393.6976240000001 393.6976240000001 0.0095
-393.6743680000001 393.6743680000001 0.0
-393.65111200000007 393.65111200000007 0.0
-393.62785600000007 393.62785600000007 0.0
-393.60442900000004 393.60442900000004 0.0095
-393.581002 393.581002 0.0
-393.557575 393.557575 0.0
-393.53414799999996 393.53414799999996 0.0
-393.51054999999997 393.51054999999997 0.0095
-393.486952 393.486952 0.0
-393.463354 393.463354 0.0
-393.439756 393.439756 0.0
-393.415987 393.415987 0.0095
-393.39221799999996 393.39221799999996 0.0
-393.36844899999994 393.36844899999994 0.0
-393.3446799999999 393.3446799999999 0.0
-393.32073999999994 393.32073999999994 0.0095
-393.29679999999996 393.29679999999996 0.0
-393.27286 393.27286 0.0
-393.24892 393.24892 0.0
-393.224809 393.224809 0.0095
-393.200698 393.200698 0.0
-393.176587 393.176587 0.0
-393.152476 393.152476 0.0
-393.12819399999995 393.12819399999995 0.0095
-393.1039119999999 393.1039119999999 0.0
-393.0796299999999 393.0796299999999 0.0
-393.05534799999987 393.05534799999987 0.0
-393.0308949999999 393.0308949999999 0.0095
-393.0064419999999 393.0064419999999 0.0
-392.9819889999999 392.9819889999999 0.0
-392.9575359999999 392.9575359999999 0.0
-392.9329119999999 392.9329119999999 0.0095
-392.90828799999986 392.90828799999986 0.0
-392.88366399999984 392.88366399999984 0.0
-392.8590399999998 392.8590399999998 0.0
-392.83424499999984 392.83424499999984 0.0095
-392.80944999999986 392.80944999999986 0.0
-392.7846549999999 392.7846549999999 0.0
-392.7598599999999 392.7598599999999 0.0
-392.7348939999999 392.7348939999999 0.0095
-392.7099279999999 392.7099279999999 0.0
-392.68496199999987 392.68496199999987 0.0
-392.65999599999986 392.65999599999986 0.0
-392.6348589999999 392.6348589999999 0.0095
-392.6097219999999 392.6097219999999 0.0
-392.58458499999995 392.58458499999995 0.0
-392.559448 392.559448 0.0
-392.53414 392.53414 0.0095
-392.508832 392.508832 0.0
-392.483524 392.483524 0.0
-392.458216 392.458216 0.0
-392.432737 392.432737 0.0095
-392.40725799999996 392.40725799999996 0.0
-392.38177899999994 392.38177899999994 0.0
-392.3562999999999 392.3562999999999 0.0
-392.33064999999993 392.33064999999993 0.0095
-392.30499999999995 392.30499999999995 0.0
-392.27934999999997 392.27934999999997 0.0
-392.2537 392.2537 0.0
-392.227879 392.227879 0.0095
-392.20205799999997 392.20205799999997 0.0
-392.17623699999996 392.17623699999996 0.0
-392.15041599999995 392.15041599999995 0.0
-392.124424 392.124424 0.0095
-392.098432 392.098432 0.0
-392.07244000000003 392.07244000000003 0.0
-392.04644800000005 392.04644800000005 0.0
-392.02028500000006 392.02028500000006 0.0095
-391.99412200000006 391.99412200000006 0.0
-391.96795900000006 391.96795900000006 0.0
-391.94179600000007 391.94179600000007 0.0
-391.91546200000005 391.91546200000005 0.0095
-391.889128 391.889128 0.0
-391.862794 391.862794 0.0
-391.83646 391.83646 0.0
-391.809955 391.809955 0.0095
-391.78345 391.78345 0.0
-391.75694500000003 391.75694500000003 0.0
-391.73044000000004 391.73044000000004 0.0
-391.70376400000004 391.70376400000004 0.0095
-391.677088 391.677088 0.0
-391.650412 391.650412 0.0
-391.623736 391.623736 0.0
-391.59688900000003 391.59688900000003 0.0095
-391.57004200000006 391.57004200000006 0.0
-391.5431950000001 391.5431950000001 0.0
-391.5163480000001 391.5163480000001 0.0
-391.4893300000001 391.4893300000001 0.0095
-391.4623120000001 391.4623120000001 0.0
-391.4352940000001 391.4352940000001 0.0
-391.4082760000001 391.4082760000001 0.0
-391.3810870000001 391.3810870000001 0.0095
-391.3538980000001 391.3538980000001 0.0
-391.32670900000005 391.32670900000005 0.0
-391.29952000000003 391.29952000000003 0.0
-391.27216000000004 391.27216000000004 0.0095
-391.24480000000005 391.24480000000005 0.0
-391.21744000000007 391.21744000000007 0.0
-391.1900800000001 391.1900800000001 0.0
-391.16254900000007 391.16254900000007 0.0095
-391.13501800000006 391.13501800000006 0.0
-391.10748700000005 391.10748700000005 0.0
-391.07995600000004 391.07995600000004 0.0
-391.05225400000006 391.05225400000006 0.0095
-391.0245520000001 391.0245520000001 0.0
-390.9968500000001 390.9968500000001 0.0
-390.96914800000013 390.96914800000013 0.0
-390.94127500000013 390.94127500000013 0.0095
-390.91340200000013 390.91340200000013 0.0
-390.88552900000013 390.88552900000013 0.0
-390.85765600000013 390.85765600000013 0.0
-390.8296120000001 390.8296120000001 0.0095
-390.8015680000001 390.8015680000001 0.0
-390.77352400000007 390.77352400000007 0.0
-390.74548000000004 390.74548000000004 0.0
-390.71726500000005 390.71726500000005 0.0095
-390.68905000000007 390.68905000000007 0.0
-390.6608350000001 390.6608350000001 0.0
-390.6326200000001 390.6326200000001 0.0
-390.6042340000001 390.6042340000001 0.0095
-390.57584800000006 390.57584800000006 0.0
-390.54746200000005 390.54746200000005 0.0
-390.51907600000004 390.51907600000004 0.0
-390.49051900000006 390.49051900000006 0.0095
-390.4619620000001 390.4619620000001 0.0
-390.4334050000001 390.4334050000001 0.0
-390.40484800000013 390.40484800000013 0.0
-390.3761200000001 390.3761200000001 0.0095
-390.3473920000001 390.3473920000001 0.0
-390.3186640000001 390.3186640000001 0.0
-390.2899360000001 390.2899360000001 0.0
-390.2610370000001 390.2610370000001 0.0095
-390.2321380000001 390.2321380000001 0.0
-390.20323900000005 390.20323900000005 0.0
-390.17434000000003 390.17434000000003 0.0
-390.14527000000004 390.14527000000004 0.0095
-390.11620000000005 390.11620000000005 0.0
-390.08713000000006 390.08713000000006 0.0
-390.05806000000007 390.05806000000007 0.0
-390.02881900000006 390.02881900000006 0.0095
-389.99957800000004 389.99957800000004 0.0
-389.97033700000003 389.97033700000003 0.0
-389.941096 389.941096 0.0
-389.91168400000004 389.91168400000004 0.0095
-389.88227200000006 389.88227200000006 0.0
-389.8528600000001 389.8528600000001 0.0
-389.8234480000001 389.8234480000001 0.0
-389.7938650000001 389.7938650000001 0.0095
-389.7642820000001 389.7642820000001 0.0
-389.7346990000001 389.7346990000001 0.0
-389.7051160000001 389.7051160000001 0.0
-389.67536200000006 389.67536200000006 0.0095
-389.64560800000004 389.64560800000004 0.0
-389.615854 389.615854 0.0
-389.5861 389.5861 0.0
-389.556175 389.556175 0.0095
-389.52625 389.52625 0.0
-389.496325 389.496325 0.0
-389.4664 389.4664 0.0
-389.436304 389.436304 0.0095
-389.406208 389.406208 0.0
-389.376112 389.376112 0.0
-389.34601599999996 389.34601599999996 0.0
-389.315749 389.315749 0.0095
-389.285482 389.285482 0.0
-389.255215 389.255215 0.0
-389.22494800000004 389.22494800000004 0.0
-389.19451000000004 389.19451000000004 0.0095
-389.16407200000003 389.16407200000003 0.0
-389.13363400000003 389.13363400000003 0.0
-389.103196 389.103196 0.0
-389.072587 389.072587 0.0095
-389.041978 389.041978 0.0
-389.01136899999995 389.01136899999995 0.0
-388.9807599999999 388.9807599999999 0.0
-388.9499799999999 388.9499799999999 0.0095
-388.91919999999993 388.91919999999993 0.0
-388.88841999999994 388.88841999999994 0.0
-388.85763999999995 388.85763999999995 0.0
-388.82668899999993 388.82668899999993 0.0095
-388.7957379999999 388.7957379999999 0.0
-388.7647869999999 388.7647869999999 0.0
-388.7338359999999 388.7338359999999 0.0
-388.7027139999999 388.7027139999999 0.0095
-388.6715919999999 388.6715919999999 0.0
-388.64046999999994 388.64046999999994 0.0
-388.60934799999995 388.60934799999995 0.0
-388.57805499999995 388.57805499999995 0.0095
-388.54676199999994 388.54676199999994 0.0
-388.51546899999994 388.51546899999994 0.0
-388.48417599999993 388.48417599999993 0.0
-388.4527119999999 388.4527119999999 0.0095
-388.4212479999999 388.4212479999999 0.0
-388.38978399999985 388.38978399999985 0.0
-388.3583199999998 388.3583199999998 0.0
-388.3266849999998 388.3266849999998 0.0095
-388.29504999999983 388.29504999999983 0.0
-388.26341499999984 388.26341499999984 0.0
-388.23177999999984 388.23177999999984 0.0
-388.1999739999998 388.1999739999998 0.0095
-388.1681679999998 388.1681679999998 0.0
-388.1363619999998 388.1363619999998 0.0
-388.1045559999998 388.1045559999998 0.0
-388.0725789999998 388.0725789999998 0.0095
-388.0406019999998 388.0406019999998 0.0
-388.0086249999998 388.0086249999998 0.0
-387.97664799999984 387.97664799999984 0.0
-387.94449999999983 387.94449999999983 0.0095
-387.9123519999998 387.9123519999998 0.0
-387.8802039999998 387.8802039999998 0.0
-387.8480559999998 387.8480559999998 0.0
-387.81573699999984 387.81573699999984 0.0095
-387.78341799999987 387.78341799999987 0.0
-387.7510989999999 387.7510989999999 0.0
-387.7187799999999 387.7187799999999 0.0
-387.68628999999993 387.68628999999993 0.0095
-387.65379999999993 387.65379999999993 0.0
-387.62130999999994 387.62130999999994 0.0
-387.58881999999994 387.58881999999994 0.0
-387.5561589999999 387.5561589999999 0.0095
-387.5234979999999 387.5234979999999 0.0
-387.4908369999999 387.4908369999999 0.0
-387.45817599999987 387.45817599999987 0.0
-387.4253439999999 387.4253439999999 0.0095
-387.3925119999999 387.3925119999999 0.0
-387.3596799999999 387.3596799999999 0.0
-387.3268479999999 387.3268479999999 0.0
-387.2938449999999 387.2938449999999 0.0095
-387.2608419999999 387.2608419999999 0.0
-387.2278389999999 387.2278389999999 0.0
-387.1948359999999 387.1948359999999 0.0
-387.1616619999999 387.1616619999999 0.0095
-387.12848799999995 387.12848799999995 0.0
-387.095314 387.095314 0.0
-387.06214 387.06214 0.0
-387.028795 387.028795 0.0095
-386.99545 386.99545 0.0
-386.962105 386.962105 0.0
-386.92876 386.92876 0.0
-386.895244 386.895244 0.0095
-386.86172799999997 386.86172799999997 0.0
-386.82821199999995 386.82821199999995 0.0
-386.79469599999993 386.79469599999993 0.0
-386.76100899999994 386.76100899999994 0.0095
-386.72732199999996 386.72732199999996 0.0
-386.693635 386.693635 0.0
-386.659948 386.659948 0.0
-386.62609 386.62609 0.0095
-386.59223199999997 386.59223199999997 0.0
-386.55837399999996 386.55837399999996 0.0
-386.52451599999995 386.52451599999995 0.0
-386.490487 386.490487 0.0095
-386.456458 386.456458 0.0
-386.422429 386.422429 0.0
-386.38840000000005 386.38840000000005 0.0
-386.35420000000005 386.35420000000005 0.0095
-386.32000000000005 386.32000000000005 0.0
-386.28580000000005 386.28580000000005 0.0
-386.25160000000005 386.25160000000005 0.0
-386.21722900000003 386.21722900000003 0.0095
-386.182858 386.182858 0.0
-386.148487 386.148487 0.0
-386.11411599999997 386.11411599999997 0.0
-386.079574 386.079574 0.0095
-386.045032 386.045032 0.0
-386.01049 386.01049 0.0
-385.975948 385.975948 0.0
-385.941235 385.941235 0.0095
-385.906522 385.906522 0.0
-385.871809 385.871809 0.0
-385.837096 385.837096 0.0
-385.802212 385.802212 0.0095
-385.767328 385.767328 0.0
-385.73244400000004 385.73244400000004 0.0
-385.69756000000007 385.69756000000007 0.0
-385.66250500000007 385.66250500000007 0.0095
-385.62745000000007 385.62745000000007 0.0
-385.59239500000007 385.59239500000007 0.0
-385.55734000000007 385.55734000000007 0.0
-385.52211400000004 385.52211400000004 0.0095
-385.486888 385.486888 0.0
-385.451662 385.451662 0.0
-385.416436 385.416436 0.0
-385.381039 385.381039 0.0095
-385.345642 385.345642 0.0
-385.310245 385.310245 0.0
-385.274848 385.274848 0.0
-385.23928 385.23928 0.0095
-385.203712 385.203712 0.0
-385.168144 385.168144 0.0
-385.132576 385.132576 0.0
-385.096837 385.096837 0.0095
-385.061098 385.061098 0.0
-385.02535900000004 385.02535900000004 0.0
-384.98962000000006 384.98962000000006 0.0
-384.95371000000006 384.95371000000006 0.0095
-384.91780000000006 384.91780000000006 0.0
-384.88189000000006 384.88189000000006 0.0
-384.84598000000005 384.84598000000005 0.0
-384.80989900000003 384.80989900000003 0.0095
-384.773818 384.773818 0.0
-384.737737 384.737737 0.0
-384.70165599999996 384.70165599999996 0.0
-384.66540399999997 384.66540399999997 0.0095
-384.629152 384.629152 0.0
-384.5929 384.5929 0.0
-384.556648 384.556648 0.0
-384.520225 384.520225 0.0095
-384.48380199999997 384.48380199999997 0.0
-384.44737899999996 384.44737899999996 0.0
-384.41095599999994 384.41095599999994 0.0
-384.37436199999996 384.37436199999996 0.0095
-384.337768 384.337768 0.0
-384.301174 384.301174 0.0
-384.26458 384.26458 0.0
-384.227815 384.227815 0.0095
-384.19105 384.19105 0.0
-384.154285 384.154285 0.0
-384.11752 384.11752 0.0
-384.080584 384.080584 0.0095
-384.04364799999996 384.04364799999996 0.0
-384.00671199999994 384.00671199999994 0.0
-383.9697759999999 383.9697759999999 0.0
-383.9326689999999 383.9326689999999 0.0095
-383.8955619999999 383.8955619999999 0.0
-383.85845499999994 383.85845499999994 0.0
-383.82134799999994 383.82134799999994 0.0
-383.78406999999993 383.78406999999993 0.0095
-383.7467919999999 383.7467919999999 0.0
-383.7095139999999 383.7095139999999 0.0
-383.6722359999999 383.6722359999999 0.0
-383.6347869999999 383.6347869999999 0.0095
-383.5973379999999 383.5973379999999 0.0
-383.55988899999994 383.55988899999994 0.0
-383.52243999999996 383.52243999999996 0.0
-383.48481999999996 383.48481999999996 0.0095
-383.44719999999995 383.44719999999995 0.0
-383.40957999999995 383.40957999999995 0.0
-383.37195999999994 383.37195999999994 0.0
-383.3341689999999 383.3341689999999 0.0095
-383.2963779999999 383.2963779999999 0.0
-383.25858699999986 383.25858699999986 0.0
-383.22079599999984 383.22079599999984 0.0
-383.18283399999984 383.18283399999984 0.0095
-383.14487199999985 383.14487199999985 0.0
-383.10690999999986 383.10690999999986 0.0
-383.06894799999986 383.06894799999986 0.0
-383.03081499999985 383.03081499999985 0.0095
-382.99268199999983 382.99268199999983 0.0
-382.9545489999998 382.9545489999998 0.0
-382.9164159999998 382.9164159999998 0.0
-382.8781119999998 382.8781119999998 0.0095
-382.83980799999983 382.83980799999983 0.0
-382.80150399999985 382.80150399999985 0.0
-382.76319999999987 382.76319999999987 0.0
-382.72472499999986 382.72472499999986 0.0095
-382.68624999999986 382.68624999999986 0.0
-382.64777499999985 382.64777499999985 0.0
-382.60929999999985 382.60929999999985 0.0
-382.5706539999999 382.5706539999999 0.0095
-382.5320079999999 382.5320079999999 0.0
-382.49336199999993 382.49336199999993 0.0
-382.45471599999996 382.45471599999996 0.0
-382.41589899999997 382.41589899999997 0.0095
-382.377082 382.377082 0.0
-382.338265 382.338265 0.0
-382.299448 382.299448 0.0
-382.26045999999997 382.26045999999997 0.0095
-382.22147199999995 382.22147199999995 0.0
-382.18248399999993 382.18248399999993 0.0
-382.1434959999999 382.1434959999999 0.0
-382.10433699999993 382.10433699999993 0.0095
-382.06517799999995 382.06517799999995 0.0
-382.02601899999996 382.02601899999996 0.0
-381.98686 381.98686 0.0
-381.94753 381.94753 0.0095
-381.90819999999997 381.90819999999997 0.0
-381.86886999999996 381.86886999999996 0.0
-381.82953999999995 381.82953999999995 0.0
-381.790039 381.790039 0.0095
-381.750538 381.750538 0.0
-381.71103700000003 381.71103700000003 0.0
-381.67153600000006 381.67153600000006 0.0
-381.63186400000006 381.63186400000006 0.0095
-381.59219200000007 381.59219200000007 0.0
-381.5525200000001 381.5525200000001 0.0
-381.5128480000001 381.5128480000001 0.0
-381.47300500000006 381.47300500000006 0.0095
-381.43316200000004 381.43316200000004 0.0
-381.393319 381.393319 0.0
-381.353476 381.353476 0.0
-381.313462 381.313462 0.0095
-381.27344800000003 381.27344800000003 0.0
-381.23343400000005 381.23343400000005 0.0
-381.19342000000006 381.19342000000006 0.0
-381.15323500000005 381.15323500000005 0.0095
-381.11305000000004 381.11305000000004 0.0
-381.07286500000004 381.07286500000004 0.0
-381.03268 381.03268 0.0
-380.99232400000005 380.99232400000005 0.0095
-380.9519680000001 380.9519680000001 0.0
-380.9116120000001 380.9116120000001 0.0
-380.87125600000013 380.87125600000013 0.0
-380.83072900000013 380.83072900000013 0.0095
-380.79020200000014 380.79020200000014 0.0
-380.74967500000014 380.74967500000014 0.0
-380.70914800000014 380.70914800000014 0.0
-380.6684500000001 380.6684500000001 0.0095
-380.6277520000001 380.6277520000001 0.0
-380.5870540000001 380.5870540000001 0.0
-380.54635600000006 380.54635600000006 0.0
-380.5054870000001 380.5054870000001 0.0095
-380.4646180000001 380.4646180000001 0.0
-380.4237490000001 380.4237490000001 0.0
-380.3828800000001 380.3828800000001 0.0
-380.3418400000001 380.3418400000001 0.0095
-380.3008000000001 380.3008000000001 0.0
-380.2597600000001 380.2597600000001 0.0
-380.2187200000001 380.2187200000001 0.0
-380.1775090000001 380.1775090000001 0.0095
-380.1362980000001 380.1362980000001 0.0
-380.09508700000015 380.09508700000015 0.0
-380.0538760000002 380.0538760000002 0.0
-380.0124940000002 380.0124940000002 0.0095
-379.9711120000002 379.9711120000002 0.0
-379.9297300000002 379.9297300000002 0.0
-379.8883480000002 379.8883480000002 0.0
-379.84679500000016 379.84679500000016 0.0095
-379.80524200000013 379.80524200000013 0.0
-379.7636890000001 379.7636890000001 0.0
-379.7221360000001 379.7221360000001 0.0
-379.6804120000001 379.6804120000001 0.0095
-379.6386880000001 379.6386880000001 0.0
-379.5969640000001 379.5969640000001 0.0
-379.55524000000014 379.55524000000014 0.0
-379.51334500000013 379.51334500000013 0.0095
-379.4714500000001 379.4714500000001 0.0
-379.4295550000001 379.4295550000001 0.0
-379.3876600000001 379.3876600000001 0.0
-379.3455940000001 379.3455940000001 0.0095
-379.30352800000014 379.30352800000014 0.0
-379.26146200000017 379.26146200000017 0.0
-379.2193960000002 379.2193960000002 0.0
-379.1771590000002 379.1771590000002 0.0095
-379.1349220000002 379.1349220000002 0.0
-379.0926850000002 379.0926850000002 0.0
-379.0504480000002 379.0504480000002 0.0
-379.00804000000016 379.00804000000016 0.0095
-378.96563200000014 378.96563200000014 0.0
-378.9232240000001 378.9232240000001 0.0
-378.8808160000001 378.8808160000001 0.0
-378.8382370000001 378.8382370000001 0.0095
-378.7956580000001 378.7956580000001 0.0
-378.7530790000001 378.7530790000001 0.0
-378.71050000000014 378.71050000000014 0.0
-378.6677500000001 378.6677500000001 0.0095
-378.6250000000001 378.6250000000001 0.0
-378.5822500000001 378.5822500000001 0.0
-378.5395000000001 378.5395000000001 0.0
-378.4965790000001 378.4965790000001 0.0095
-378.45365800000013 378.45365800000013 0.0
-378.41073700000015 378.41073700000015 0.0
-378.3678160000002 378.3678160000002 0.0
-378.3247240000002 378.3247240000002 0.0095
-378.2816320000002 378.2816320000002 0.0
-378.23854000000017 378.23854000000017 0.0
-378.19544800000017 378.19544800000017 0.0
-378.15218500000015 378.15218500000015 0.0095
-378.1089220000001 378.1089220000001 0.0
-378.0656590000001 378.0656590000001 0.0
-378.0223960000001 378.0223960000001 0.0
-377.9789620000001 377.9789620000001 0.0095
-377.9355280000001 377.9355280000001 0.0
-377.8920940000001 377.8920940000001 0.0
-377.8486600000001 377.8486600000001 0.0
-377.8050550000001 377.8050550000001 0.0095
-377.7614500000001 377.7614500000001 0.0
-377.71784500000007 377.71784500000007 0.0
-377.67424000000005 377.67424000000005 0.0
-377.6304640000001 377.6304640000001 0.0095
-377.5866880000001 377.5866880000001 0.0
-377.5429120000001 377.5429120000001 0.0
-377.49913600000014 377.49913600000014 0.0
-377.45518900000013 377.45518900000013 0.0095
-377.41124200000013 377.41124200000013 0.0
-377.3672950000001 377.3672950000001 0.0
-377.3233480000001 377.3233480000001 0.0
-377.2792300000001 377.2792300000001 0.0095
-377.2351120000001 377.2351120000001 0.0
-377.19099400000005 377.19099400000005 0.0
-377.146876 377.146876 0.0
-377.102587 377.102587 0.0095
-377.05829800000004 377.05829800000004 0.0
-377.01400900000004 377.01400900000004 0.0
-376.96972000000005 376.96972000000005 0.0
-376.92526000000004 376.92526000000004 0.0095
-376.8808 376.8808 0.0
-376.83634 376.83634 0.0
-376.79188 376.79188 0.0
-376.747249 376.747249 0.0095
-376.70261800000003 376.70261800000003 0.0
-376.65798700000005 376.65798700000005 0.0
-376.61335600000007 376.61335600000007 0.0
-376.56855400000006 376.56855400000006 0.0095
-376.52375200000006 376.52375200000006 0.0
-376.47895000000005 376.47895000000005 0.0
-376.43414800000005 376.43414800000005 0.0
-376.389175 376.389175 0.0095
-376.344202 376.344202 0.0
-376.29922899999997 376.29922899999997 0.0
-376.25425599999994 376.25425599999994 0.0
-376.20911199999995 376.20911199999995 0.0095
-376.16396799999995 376.16396799999995 0.0
-376.11882399999996 376.11882399999996 0.0
-376.07367999999997 376.07367999999997 0.0
-376.02836499999995 376.02836499999995 0.0095
-375.98304999999993 375.98304999999993 0.0
-375.9377349999999 375.9377349999999 0.0
-375.8924199999999 375.8924199999999 0.0
-375.8469339999999 375.8469339999999 0.0095
-375.80144799999994 375.80144799999994 0.0
-375.75596199999995 375.75596199999995 0.0
-375.71047599999997 375.71047599999997 0.0
-375.66481899999997 375.66481899999997 0.0095
-375.61916199999996 375.61916199999996 0.0
-375.57350499999995 375.57350499999995 0.0
-375.52784799999995 375.52784799999995 0.0
-375.48202 375.48202 0.0095
-375.436192 375.436192 0.0
-375.39036400000003 375.39036400000003 0.0
-375.34453600000006 375.34453600000006 0.0
-375.29853700000007 375.29853700000007 0.0095
-375.2525380000001 375.2525380000001 0.0
-375.2065390000001 375.2065390000001 0.0
-375.1605400000001 375.1605400000001 0.0
-375.11437000000006 375.11437000000006 0.0095
-375.06820000000005 375.06820000000005 0.0
-375.02203000000003 375.02203000000003 0.0
-374.97586 374.97586 0.0
-374.929519 374.929519 0.0095
-374.88317800000004 374.88317800000004 0.0
-374.83683700000006 374.83683700000006 0.0
-374.7904960000001 374.7904960000001 0.0
-374.74398400000007 374.74398400000007 0.0095
-374.69747200000006 374.69747200000006 0.0
-374.65096000000005 374.65096000000005 0.0
-374.60444800000005 374.60444800000005 0.0
-374.5577650000001 374.5577650000001 0.0095
-374.5110820000001 374.5110820000001 0.0
-374.4643990000001 374.4643990000001 0.0
-374.41771600000015 374.41771600000015 0.0
-374.37086200000016 374.37086200000016 0.0095
-374.32400800000016 374.32400800000016 0.0
-374.27715400000017 374.27715400000017 0.0
-374.23030000000017 374.23030000000017 0.0
-374.18327500000015 374.18327500000015 0.0095
-374.13625000000013 374.13625000000013 0.0
-374.0892250000001 374.0892250000001 0.0
-374.0422000000001 374.0422000000001 0.0
-373.9950040000001 373.9950040000001 0.0095
-373.9478080000001 373.9478080000001 0.0
-373.90061200000014 373.90061200000014 0.0
-373.85341600000015 373.85341600000015 0.0
-373.80604900000014 373.80604900000014 0.0095
-373.75868200000014 373.75868200000014 0.0
-373.7113150000001 373.7113150000001 0.0
-373.6639480000001 373.6639480000001 0.0
-373.61641000000014 373.61641000000014 0.0095
-373.56887200000017 373.56887200000017 0.0
-373.5213340000002 373.5213340000002 0.0
-373.4737960000002 373.4737960000002 0.0
-373.4260870000002 373.4260870000002 0.0095
-373.3783780000002 373.3783780000002 0.0
-373.3306690000002 373.3306690000002 0.0
-373.28296000000023 373.28296000000023 0.0
-373.2350800000002 373.2350800000002 0.0095
-373.1872000000002 373.1872000000002 0.0
-373.13932000000017 373.13932000000017 0.0
-373.09144000000015 373.09144000000015 0.0
-373.04338900000016 373.04338900000016 0.0095
-372.9953380000002 372.9953380000002 0.0
-372.9472870000002 372.9472870000002 0.0
-372.8992360000002 372.8992360000002 0.0
-372.8510140000002 372.8510140000002 0.0095
-372.8027920000002 372.8027920000002 0.0
-372.7545700000002 372.7545700000002 0.0
-372.70634800000016 372.70634800000016 0.0
-372.6579550000002 372.6579550000002 0.0095
-372.6095620000002 372.6095620000002 0.0
-372.56116900000023 372.56116900000023 0.0
-372.51277600000026 372.51277600000026 0.0
-372.46421200000026 372.46421200000026 0.0095
-372.41564800000026 372.41564800000026 0.0
-372.36708400000026 372.36708400000026 0.0
-372.31852000000026 372.31852000000026 0.0
-372.26978500000024 372.26978500000024 0.0095
-372.2210500000002 372.2210500000002 0.0
-372.1723150000002 372.1723150000002 0.0
-372.1235800000002 372.1235800000002 0.0
-372.0746740000002 372.0746740000002 0.0095
-372.0257680000002 372.0257680000002 0.0
-371.9768620000002 371.9768620000002 0.0
-371.9279560000002 371.9279560000002 0.0
-371.8788790000002 371.8788790000002 0.0095
-371.8298020000002 371.8298020000002 0.0
-371.7807250000002 371.7807250000002 0.0
-371.7316480000002 371.7316480000002 0.0
-371.6824000000002 371.6824000000002 0.0095
-371.6331520000002 371.6331520000002 0.0
-371.58390400000025 371.58390400000025 0.0
-371.53465600000027 371.53465600000027 0.0
-371.48523700000027 371.48523700000027 0.0095
-371.43581800000027 371.43581800000027 0.0
-371.38639900000027 371.38639900000027 0.0
-371.33698000000027 371.33698000000027 0.0
-371.28739000000024 371.28739000000024 0.0095
-371.2378000000002 371.2378000000002 0.0
-371.1882100000002 371.1882100000002 0.0
-371.1386200000002 371.1386200000002 0.0
-371.0888590000002 371.0888590000002 0.0095
-371.0390980000002 371.0390980000002 0.0
-370.9893370000002 370.9893370000002 0.0
-370.9395760000002 370.9395760000002 0.0
-370.8896440000002 370.8896440000002 0.0095
-370.8397120000002 370.8397120000002 0.0
-370.7897800000002 370.7897800000002 0.0
-370.73984800000017 370.73984800000017 0.0
-370.6897450000002 370.6897450000002 0.0095
-370.6396420000002 370.6396420000002 0.0
-370.58953900000023 370.58953900000023 0.0
-370.53943600000025 370.53943600000025 0.0
-370.48916200000025 370.48916200000025 0.0095
-370.43888800000025 370.43888800000025 0.0
-370.38861400000025 370.38861400000025 0.0
-370.33834000000024 370.33834000000024 0.0
-370.2878950000002 370.2878950000002 0.0095
-370.2374500000002 370.2374500000002 0.0
-370.18700500000017 370.18700500000017 0.0
-370.13656000000015 370.13656000000015 0.0
-370.08594400000015 370.08594400000015 0.0095
-370.03532800000016 370.03532800000016 0.0
-369.9847120000002 369.9847120000002 0.0
-369.9340960000002 369.9340960000002 0.0
-369.88330900000017 369.88330900000017 0.0095
-369.83252200000015 369.83252200000015 0.0
-369.78173500000014 369.78173500000014 0.0
-369.7309480000001 369.7309480000001 0.0
-369.67999000000015 369.67999000000015 0.0095
-369.62903200000017 369.62903200000017 0.0
-369.5780740000002 369.5780740000002 0.0
-369.5271160000002 369.5271160000002 0.0
-369.4759870000002 369.4759870000002 0.0095
-369.4248580000002 369.4248580000002 0.0
-369.3737290000002 369.3737290000002 0.0
-369.3226000000002 369.3226000000002 0.0
-369.27130000000017 369.27130000000017 0.0095
-369.22000000000014 369.22000000000014 0.0
-369.1687000000001 369.1687000000001 0.0
-369.1174000000001 369.1174000000001 0.0
-369.0659290000001 369.0659290000001 0.0095
-369.0144580000001 369.0144580000001 0.0
-368.9629870000001 368.9629870000001 0.0
-368.9115160000001 368.9115160000001 0.0
-368.8598740000001 368.8598740000001 0.0095
-368.8082320000001 368.8082320000001 0.0
-368.7565900000001 368.7565900000001 0.0
-368.70494800000006 368.70494800000006 0.0
-368.6531350000001 368.6531350000001 0.0095
-368.6013220000001 368.6013220000001 0.0
-368.5495090000001 368.5495090000001 0.0
-368.49769600000013 368.49769600000013 0.0
-368.4457120000001 368.4457120000001 0.0095
-368.3937280000001 368.3937280000001 0.0
-368.3417440000001 368.3417440000001 0.0
-368.2897600000001 368.2897600000001 0.0
-368.2376050000001 368.2376050000001 0.0095
-368.18545000000006 368.18545000000006 0.0
-368.13329500000003 368.13329500000003 0.0
-368.08114 368.08114 0.0
-368.028814 368.028814 0.0095
-367.976488 367.976488 0.0
-367.924162 367.924162 0.0
-367.87183600000003 367.87183600000003 0.0
-367.819339 367.819339 0.0095
-367.766842 367.766842 0.0
-367.714345 367.714345 0.0
-367.66184799999996 367.66184799999996 0.0
-367.60918 367.60918 0.0095
-367.556512 367.556512 0.0
-367.503844 367.503844 0.0
-367.45117600000003 367.45117600000003 0.0
-367.398337 367.398337 0.0095
-367.345498 367.345498 0.0
-367.292659 367.292659 0.0
-367.23982 367.23982 0.0
-367.18681000000004 367.18681000000004 0.0095
-367.13380000000006 367.13380000000006 0.0
-367.0807900000001 367.0807900000001 0.0
-367.0277800000001 367.0277800000001 0.0
-366.9745990000001 366.9745990000001 0.0095
-366.92141800000013 366.92141800000013 0.0
-366.86823700000014 366.86823700000014 0.0
-366.81505600000014 366.81505600000014 0.0
-366.7617040000001 366.7617040000001 0.0095
-366.7083520000001 366.7083520000001 0.0
-366.6550000000001 366.6550000000001 0.0
-366.60164800000007 366.60164800000007 0.0
-366.5481250000001 366.5481250000001 0.0095
-366.4946020000001 366.4946020000001 0.0
-366.4410790000001 366.4410790000001 0.0
-366.38755600000013 366.38755600000013 0.0
-366.3338620000001 366.3338620000001 0.0095
-366.2801680000001 366.2801680000001 0.0
-366.2264740000001 366.2264740000001 0.0
-366.1727800000001 366.1727800000001 0.0
-366.11891500000013 366.11891500000013 0.0095
-366.06505000000016 366.06505000000016 0.0
-366.0111850000002 366.0111850000002 0.0
-365.9573200000002 365.9573200000002 0.0
-365.9032840000002 365.9032840000002 0.0095
-365.8492480000002 365.8492480000002 0.0
-365.7952120000002 365.7952120000002 0.0
-365.7411760000002 365.7411760000002 0.0
-365.6869690000002 365.6869690000002 0.0095
-365.6327620000002 365.6327620000002 0.0
-365.57855500000016 365.57855500000016 0.0
-365.52434800000015 365.52434800000015 0.0
-365.46997000000016 365.46997000000016 0.0095
-365.4155920000002 365.4155920000002 0.0
-365.3612140000002 365.3612140000002 0.0
-365.3068360000002 365.3068360000002 0.0
-365.2522870000002 365.2522870000002 0.0095
-365.1977380000002 365.1977380000002 0.0
-365.1431890000002 365.1431890000002 0.0
-365.08864000000017 365.08864000000017 0.0
-365.0339200000002 365.0339200000002 0.0095
-364.9792000000002 364.9792000000002 0.0
-364.92448000000024 364.92448000000024 0.0
-364.86976000000027 364.86976000000027 0.0
-364.8148690000003 364.8148690000003 0.0095
-364.7599780000003 364.7599780000003 0.0
-364.7050870000003 364.7050870000003 0.0
-364.6501960000003 364.6501960000003 0.0
-364.59513400000026 364.59513400000026 0.0095
-364.54007200000024 364.54007200000024 0.0
-364.4850100000002 364.4850100000002 0.0
-364.4299480000002 364.4299480000002 0.0
-364.3747150000002 364.3747150000002 0.0095
-364.3194820000002 364.3194820000002 0.0
-364.26424900000023 364.26424900000023 0.0
-364.20901600000025 364.20901600000025 0.0
-364.15361200000024 364.15361200000024 0.0095
-364.0982080000002 364.0982080000002 0.0
-364.0428040000002 364.0428040000002 0.0
-363.9874000000002 363.9874000000002 0.0
-363.93182500000023 363.93182500000023 0.0095
-363.87625000000025 363.87625000000025 0.0
-363.8206750000003 363.8206750000003 0.0
-363.7651000000003 363.7651000000003 0.0
-363.7093540000003 363.7093540000003 0.0095
-363.6536080000003 363.6536080000003 0.0
-363.5978620000003 363.5978620000003 0.0
-363.5421160000003 363.5421160000003 0.0
-363.4861990000003 363.4861990000003 0.0095
-363.43028200000026 363.43028200000026 0.0
-363.37436500000024 363.37436500000024 0.0
-363.3184480000002 363.3184480000002 0.0
-363.2623600000002 363.2623600000002 0.0095
-363.20627200000024 363.20627200000024 0.0
-363.15018400000025 363.15018400000025 0.0
-363.09409600000026 363.09409600000026 0.0
-363.03783700000025 363.03783700000025 0.0095
-362.98157800000024 362.98157800000024 0.0
-362.92531900000023 362.92531900000023 0.0
-362.8690600000002 362.8690600000002 0.0
-362.81263000000024 362.81263000000024 0.0095
-362.75620000000026 362.75620000000026 0.0
-362.6997700000003 362.6997700000003 0.0
-362.6433400000003 362.6433400000003 0.0
-362.5867390000003 362.5867390000003 0.0095
-362.5301380000003 362.5301380000003 0.0
-362.4735370000003 362.4735370000003 0.0
-362.4169360000003 362.4169360000003 0.0
-362.3601640000003 362.3601640000003 0.0095
-362.30339200000026 362.30339200000026 0.0
-362.24662000000023 362.24662000000023 0.0
-362.1898480000002 362.1898480000002 0.0
-362.1329050000002 362.1329050000002 0.0095
-362.07596200000023 362.07596200000023 0.0
-362.01901900000024 362.01901900000024 0.0
-361.96207600000025 361.96207600000025 0.0
-361.90496200000024 361.90496200000024 0.0095
-361.8478480000002 361.8478480000002 0.0
-361.7907340000002 361.7907340000002 0.0
-361.7336200000002 361.7336200000002 0.0
-361.6763350000002 361.6763350000002 0.0095
-361.61905000000024 361.61905000000024 0.0
-361.56176500000026 361.56176500000026 0.0
-361.5044800000003 361.5044800000003 0.0
-361.4470240000003 361.4470240000003 0.0095
-361.3895680000003 361.3895680000003 0.0
-361.3321120000003 361.3321120000003 0.0
-361.2746560000003 361.2746560000003 0.0
-361.21702900000025 361.21702900000025 0.0095
-361.1594020000002 361.1594020000002 0.0
-361.1017750000002 361.1017750000002 0.0
-361.0441480000002 361.0441480000002 0.0
-360.9863500000002 360.9863500000002 0.0095
-360.9285520000002 360.9285520000002 0.0
-360.8707540000002 360.8707540000002 0.0
-360.8129560000002 360.8129560000002 0.0
-360.7549870000002 360.7549870000002 0.0095
-360.6970180000002 360.6970180000002 0.0
-360.63904900000017 360.63904900000017 0.0
-360.58108000000016 360.58108000000016 0.0
-360.5229400000002 360.5229400000002 0.0095
-360.4648000000002 360.4648000000002 0.0
-360.4066600000002 360.4066600000002 0.0
-360.34852000000024 360.34852000000024 0.0
-360.29020900000023 360.29020900000023 0.0095
-360.2318980000002 360.2318980000002 0.0
-360.1735870000002 360.1735870000002 0.0
-360.1152760000002 360.1152760000002 0.0
-360.0567940000002 360.0567940000002 0.0095
-359.99831200000017 359.99831200000017 0.0
-359.93983000000014 359.93983000000014 0.0
-359.8813480000001 359.8813480000001 0.0
-359.8226950000001 359.8226950000001 0.0095
-359.76404200000013 359.76404200000013 0.0
-359.70538900000014 359.70538900000014 0.0
-359.64673600000015 359.64673600000015 0.0
-359.58791200000013 359.58791200000013 0.0095
-359.5290880000001 359.5290880000001 0.0
-359.4702640000001 359.4702640000001 0.0
-359.4114400000001 359.4114400000001 0.0
-359.3524450000001 359.3524450000001 0.0095
-359.2934500000001 359.2934500000001 0.0
-359.23445500000014 359.23445500000014 0.0
-359.17546000000016 359.17546000000016 0.0
-359.11629400000015 359.11629400000015 0.0095
-359.05712800000015 359.05712800000015 0.0
-358.99796200000014 358.99796200000014 0.0
-358.93879600000014 358.93879600000014 0.0
-358.8794590000001 358.8794590000001 0.0095
-358.8201220000001 358.8201220000001 0.0
-358.76078500000006 358.76078500000006 0.0
-358.701448 358.701448 0.0
-358.64194000000003 358.64194000000003 0.0095
-358.58243200000004 358.58243200000004 0.0
-358.52292400000005 358.52292400000005 0.0
-358.46341600000005 358.46341600000005 0.0
-358.40373700000004 358.40373700000004 0.0095
-358.344058 358.344058 0.0
-358.284379 358.284379 0.0
-358.2247 358.2247 0.0
-358.16485 358.16485 0.0095
-358.105 358.105 0.0
-358.04515000000004 358.04515000000004 0.0
-357.98530000000005 357.98530000000005 0.0
-357.92527900000005 357.92527900000005 0.0095
-357.86525800000004 357.86525800000004 0.0
-357.80523700000003 357.80523700000003 0.0
-357.745216 357.745216 0.0
-357.68502400000006 357.68502400000006 0.0095
-357.6248320000001 357.6248320000001 0.0
-357.5646400000001 357.5646400000001 0.0
-357.50444800000014 357.50444800000014 0.0
-357.44408500000014 357.44408500000014 0.0095
-357.38372200000015 357.38372200000015 0.0
-357.32335900000015 357.32335900000015 0.0
-357.26299600000016 357.26299600000016 0.0
-357.20246200000014 357.20246200000014 0.0095
-357.1419280000001 357.1419280000001 0.0
-357.0813940000001 357.0813940000001 0.0
-357.0208600000001 357.0208600000001 0.0
-356.9601550000001 356.9601550000001 0.0095
-356.8994500000001 356.8994500000001 0.0
-356.83874500000013 356.83874500000013 0.0
-356.77804000000015 356.77804000000015 0.0
-356.71716400000014 356.71716400000014 0.0095
-356.65628800000013 356.65628800000013 0.0
-356.5954120000001 356.5954120000001 0.0
-356.5345360000001 356.5345360000001 0.0
-356.47348900000014 356.47348900000014 0.0095
-356.41244200000017 356.41244200000017 0.0
-356.3513950000002 356.3513950000002 0.0
-356.2903480000002 356.2903480000002 0.0
-356.2291300000002 356.2291300000002 0.0095
-356.16791200000023 356.16791200000023 0.0
-356.10669400000023 356.10669400000023 0.0
-356.04547600000024 356.04547600000024 0.0
-355.9840870000002 355.9840870000002 0.0095
-355.9226980000002 355.9226980000002 0.0
-355.8613090000002 355.8613090000002 0.0
-355.79992000000016 355.79992000000016 0.0
-355.73836000000017 355.73836000000017 0.0095
-355.6768000000002 355.6768000000002 0.0
-355.6152400000002 355.6152400000002 0.0
-355.5536800000002 355.5536800000002 0.0
-355.4919490000002 355.4919490000002 0.0095
-355.4302180000002 355.4302180000002 0.0
-355.3684870000002 355.3684870000002 0.0
-355.3067560000002 355.3067560000002 0.0
-355.2448540000002 355.2448540000002 0.0095
-355.1829520000002 355.1829520000002 0.0
-355.12105000000025 355.12105000000025 0.0
-355.0591480000003 355.0591480000003 0.0
-354.9970750000003 354.9970750000003 0.0095
-354.9350020000003 354.9350020000003 0.0
-354.8729290000003 354.8729290000003 0.0
-354.8108560000003 354.8108560000003 0.0
-354.74861200000026 354.74861200000026 0.0095
-354.68636800000024 354.68636800000024 0.0
-354.6241240000002 354.6241240000002 0.0
-354.5618800000002 354.5618800000002 0.0
-354.4994650000002 354.4994650000002 0.0095
-354.4370500000002 354.4370500000002 0.0
-354.37463500000024 354.37463500000024 0.0
-354.31222000000025 354.31222000000025 0.0
-354.24963400000024 354.24963400000024 0.0095
-354.18704800000023 354.18704800000023 0.0
-354.1244620000002 354.1244620000002 0.0
-354.0618760000002 354.0618760000002 0.0
-353.99911900000023 353.99911900000023 0.0095
-353.93636200000026 353.93636200000026 0.0
-353.8736050000003 353.8736050000003 0.0
-353.8108480000003 353.8108480000003 0.0
-353.7479200000003 353.7479200000003 0.0095
-353.6849920000003 353.6849920000003 0.0
-353.6220640000003 353.6220640000003 0.0
-353.5591360000003 353.5591360000003 0.0
-353.4960370000003 353.4960370000003 0.0095
-353.43293800000026 353.43293800000026 0.0
-353.36983900000024 353.36983900000024 0.0
-353.3067400000002 353.3067400000002 0.0
-353.24347000000023 353.24347000000023 0.0095
-353.18020000000024 353.18020000000024 0.0
-353.11693000000025 353.11693000000025 0.0
-353.05366000000026 353.05366000000026 0.0
-352.99021900000025 352.99021900000025 0.0095
-352.92677800000024 352.92677800000024 0.0
-352.86333700000023 352.86333700000023 0.0
-352.7998960000002 352.7998960000002 0.0
-352.73628400000024 352.73628400000024 0.0095
-352.67267200000026 352.67267200000026 0.0
-352.6090600000003 352.6090600000003 0.0
-352.5454480000003 352.5454480000003 0.0
-352.4816650000003 352.4816650000003 0.0095
-352.4178820000003 352.4178820000003 0.0
-352.3540990000003 352.3540990000003 0.0
-352.2903160000003 352.2903160000003 0.0
-352.2263620000003 352.2263620000003 0.0095
-352.16240800000026 352.16240800000026 0.0
-352.09845400000023 352.09845400000023 0.0
-352.0345000000002 352.0345000000002 0.0
-351.9703750000002 351.9703750000002 0.0095
-351.9062500000002 351.9062500000002 0.0
-351.84212500000024 351.84212500000024 0.0
-351.77800000000025 351.77800000000025 0.0
-351.71370400000023 351.71370400000023 0.0095
-351.6494080000002 351.6494080000002 0.0
-351.5851120000002 351.5851120000002 0.0
-351.5208160000002 351.5208160000002 0.0
-351.4563490000002 351.4563490000002 0.0095
-351.39188200000024 351.39188200000024 0.0
-351.32741500000026 351.32741500000026 0.0
-351.2629480000003 351.2629480000003 0.0
-351.1983100000003 351.1983100000003 0.0095
-351.1336720000003 351.1336720000003 0.0
-351.0690340000003 351.0690340000003 0.0
-351.00439600000027 351.00439600000027 0.0
-350.93958700000024 350.93958700000024 0.0095
-350.8747780000002 350.8747780000002 0.0
-350.8099690000002 350.8099690000002 0.0
-350.74516000000017 350.74516000000017 0.0
-350.6801800000002 350.6801800000002 0.0095
-350.6152000000002 350.6152000000002 0.0
-350.5502200000002 350.5502200000002 0.0
-350.4852400000002 350.4852400000002 0.0
-350.4200890000002 350.4200890000002 0.0095
-350.3549380000002 350.3549380000002 0.0
-350.28978700000016 350.28978700000016 0.0
-350.22463600000015 350.22463600000015 0.0
-350.15931400000017 350.15931400000017 0.0095
-350.0939920000002 350.0939920000002 0.0
-350.0286700000002 350.0286700000002 0.0
-349.9633480000002 349.9633480000002 0.0
-349.8978550000002 349.8978550000002 0.0095
-349.8323620000002 349.8323620000002 0.0
-349.7668690000002 349.7668690000002 0.0
-349.7013760000002 349.7013760000002 0.0
-349.6357120000002 349.6357120000002 0.0095
-349.57004800000016 349.57004800000016 0.0
-349.50438400000013 349.50438400000013 0.0
-349.4387200000001 349.4387200000001 0.0
-349.3728850000001 349.3728850000001 0.0095
-349.3070500000001 349.3070500000001 0.0
-349.2412150000001 349.2412150000001 0.0
-349.17538000000013 349.17538000000013 0.0
-349.1093740000001 349.1093740000001 0.0095
-349.0433680000001 349.0433680000001 0.0
-348.9773620000001 348.9773620000001 0.0
-348.91135600000007 348.91135600000007 0.0
-348.8451790000001 348.8451790000001 0.0095
-348.7790020000001 348.7790020000001 0.0
-348.7128250000001 348.7128250000001 0.0
-348.64664800000014 348.64664800000014 0.0
-348.58030000000014 348.58030000000014 0.0095
-348.51395200000013 348.51395200000013 0.0
-348.4476040000001 348.4476040000001 0.0
-348.3812560000001 348.3812560000001 0.0
-348.3147370000001 348.3147370000001 0.0095
-348.24821800000007 348.24821800000007 0.0
-348.18169900000004 348.18169900000004 0.0
-348.11518 348.11518 0.0
-348.04849 348.04849 0.0095
-347.9818 347.9818 0.0
-347.91511 347.91511 0.0
-347.84842000000003 347.84842000000003 0.0
-347.781559 347.781559 0.0095
-347.714698 347.714698 0.0
-347.647837 347.647837 0.0
-347.58097599999996 347.58097599999996 0.0
-347.513944 347.513944 0.0095
-347.446912 347.446912 0.0
-347.37988 347.37988 0.0
-347.31284800000003 347.31284800000003 0.0
-347.245645 347.245645 0.0095
-347.178442 347.178442 0.0
-347.111239 347.111239 0.0
-347.044036 347.044036 0.0
-346.97666200000003 346.97666200000003 0.0095
-346.90928800000006 346.90928800000006 0.0
-346.8419140000001 346.8419140000001 0.0
-346.7745400000001 346.7745400000001 0.0
-346.7069950000001 346.7069950000001 0.0095
-346.6394500000001 346.6394500000001 0.0
-346.57190500000013 346.57190500000013 0.0
-346.50436000000013 346.50436000000013 0.0
-346.4366440000001 346.4366440000001 0.0095
-346.3689280000001 346.3689280000001 0.0
-346.3012120000001 346.3012120000001 0.0
-346.23349600000006 346.23349600000006 0.0
-346.1656090000001 346.1656090000001 0.0095
-346.0977220000001 346.0977220000001 0.0
-346.0298350000001 346.0298350000001 0.0
-345.9619480000001 345.9619480000001 0.0
-345.8938900000001 345.8938900000001 0.0095
-345.8258320000001 345.8258320000001 0.0
-345.7577740000001 345.7577740000001 0.0
-345.6897160000001 345.6897160000001 0.0
-345.6214870000001 345.6214870000001 0.0095
-345.55325800000014 345.55325800000014 0.0
-345.48502900000017 345.48502900000017 0.0
-345.4168000000002 345.4168000000002 0.0
-345.3484000000002 345.3484000000002 0.0095
-345.2800000000002 345.2800000000002 0.0
-345.2116000000002 345.2116000000002 0.0
-345.1432000000002 345.1432000000002 0.0
-345.0746290000002 345.0746290000002 0.0095
-345.00605800000017 345.00605800000017 0.0
-344.93748700000015 344.93748700000015 0.0
-344.8689160000001 344.8689160000001 0.0
-344.80017400000014 344.80017400000014 0.0095
-344.73143200000015 344.73143200000015 0.0
-344.66269000000017 344.66269000000017 0.0
-344.5939480000002 344.5939480000002 0.0
-344.5250350000002 344.5250350000002 0.0095
-344.45612200000016 344.45612200000016 0.0
-344.38720900000015 344.38720900000015 0.0
-344.31829600000015 344.31829600000015 0.0
-344.24921200000017 344.24921200000017 0.0095
-344.1801280000002 344.1801280000002 0.0
-344.1110440000002 344.1110440000002 0.0
-344.04196000000024 344.04196000000024 0.0
-343.97270500000025 343.97270500000025 0.0095
-343.90345000000025 343.90345000000025 0.0
-343.83419500000025 343.83419500000025 0.0
-343.76494000000025 343.76494000000025 0.0
-343.69551400000023 343.69551400000023 0.0095
-343.6260880000002 343.6260880000002 0.0
-343.5566620000002 343.5566620000002 0.0
-343.48723600000017 343.48723600000017 0.0
-343.4176390000002 343.4176390000002 0.0095
-343.3480420000002 343.3480420000002 0.0
-343.2784450000002 343.2784450000002 0.0
-343.2088480000002 343.2088480000002 0.0
-343.1390800000002 343.1390800000002 0.0095
-343.0693120000002 343.0693120000002 0.0
-342.9995440000002 342.9995440000002 0.0
-342.9297760000002 342.9297760000002 0.0
-342.8598370000002 342.8598370000002 0.0095
-342.7898980000002 342.7898980000002 0.0
-342.71995900000024 342.71995900000024 0.0
-342.65002000000027 342.65002000000027 0.0
-342.57991000000027 342.57991000000027 0.0095
-342.50980000000027 342.50980000000027 0.0
-342.43969000000027 342.43969000000027 0.0
-342.36958000000027 342.36958000000027 0.0
-342.29929900000025 342.29929900000025 0.0095
-342.2290180000002 342.2290180000002 0.0
-342.1587370000002 342.1587370000002 0.0
-342.0884560000002 342.0884560000002 0.0
-342.0180040000002 342.0180040000002 0.0095
-341.9475520000002 341.9475520000002 0.0
-341.8771000000002 341.8771000000002 0.0
-341.8066480000002 341.8066480000002 0.0
-341.7360250000002 341.7360250000002 0.0095
-341.6654020000002 341.6654020000002 0.0
-341.5947790000002 341.5947790000002 0.0
-341.5241560000002 341.5241560000002 0.0
-341.4533620000002 341.4533620000002 0.0095
-341.3825680000002 341.3825680000002 0.0
-341.31177400000024 341.31177400000024 0.0
-341.24098000000026 341.24098000000026 0.0
-341.17001500000026 341.17001500000026 0.0095
-341.09905000000026 341.09905000000026 0.0
-341.02808500000026 341.02808500000026 0.0
-340.95712000000026 340.95712000000026 0.0
-340.88598400000024 340.88598400000024 0.0095
-340.8148480000002 340.8148480000002 0.0
-340.7437120000002 340.7437120000002 0.0
-340.67257600000016 340.67257600000016 0.0
-340.6012690000002 340.6012690000002 0.0095
-340.5299620000002 340.5299620000002 0.0
-340.4586550000002 340.4586550000002 0.0
-340.3873480000002 340.3873480000002 0.0
-340.3158700000002 340.3158700000002 0.0095
-340.2443920000002 340.2443920000002 0.0
-340.17291400000016 340.17291400000016 0.0
-340.10143600000015 340.10143600000015 0.0
-340.02978700000017 340.02978700000017 0.0095
-339.9581380000002 339.9581380000002 0.0
-339.8864890000002 339.8864890000002 0.0
-339.81484000000023 339.81484000000023 0.0
-339.74302000000023 339.74302000000023 0.0095
-339.6712000000002 339.6712000000002 0.0
-339.5993800000002 339.5993800000002 0.0
-339.5275600000002 339.5275600000002 0.0
-339.4555690000002 339.4555690000002 0.0095
-339.38357800000017 339.38357800000017 0.0
-339.31158700000015 339.31158700000015 0.0
-339.2395960000001 339.2395960000001 0.0
-339.1674340000001 339.1674340000001 0.0095
-339.09527200000014 339.09527200000014 0.0
-339.02311000000014 339.02311000000014 0.0
-338.95094800000015 338.95094800000015 0.0
-338.87861500000014 338.87861500000014 0.0095
-338.8062820000001 338.8062820000001 0.0
-338.7339490000001 338.7339490000001 0.0
-338.6616160000001 338.6616160000001 0.0
-338.5891120000001 338.5891120000001 0.0095
-338.51660800000013 338.51660800000013 0.0
-338.44410400000015 338.44410400000015 0.0
-338.37160000000017 338.37160000000017 0.0
-338.29892500000017 338.29892500000017 0.0095
-338.22625000000016 338.22625000000016 0.0
-338.15357500000016 338.15357500000016 0.0
-338.08090000000016 338.08090000000016 0.0
-338.00805400000013 338.00805400000013 0.0095
-337.9352080000001 337.9352080000001 0.0
-337.8623620000001 337.8623620000001 0.0
-337.78951600000005 337.78951600000005 0.0
-337.71649900000006 337.71649900000006 0.0095
-337.64348200000006 337.64348200000006 0.0
-337.57046500000007 337.57046500000007 0.0
-337.4974480000001 337.4974480000001 0.0
-337.42426000000006 337.42426000000006 0.0095
-337.35107200000004 337.35107200000004 0.0
-337.27788400000003 337.27788400000003 0.0
-337.204696 337.204696 0.0
-337.13133700000003 337.13133700000003 0.0095
-337.05797800000005 337.05797800000005 0.0
-336.98461900000007 336.98461900000007 0.0
-336.9112600000001 336.9112600000001 0.0
-336.8377300000001 336.8377300000001 0.0095
-336.7642000000001 336.7642000000001 0.0
-336.69067000000007 336.69067000000007 0.0
-336.61714000000006 336.61714000000006 0.0
-336.5434390000001 336.5434390000001 0.0095
-336.4697380000001 336.4697380000001 0.0
-336.39603700000015 336.39603700000015 0.0
-336.3223360000002 336.3223360000002 0.0
-336.2484640000002 336.2484640000002 0.0095
-336.1745920000002 336.1745920000002 0.0
-336.1007200000002 336.1007200000002 0.0
-336.0268480000002 336.0268480000002 0.0
-335.9528050000002 335.9528050000002 0.0095
-335.87876200000017 335.87876200000017 0.0
-335.80471900000015 335.80471900000015 0.0
-335.73067600000013 335.73067600000013 0.0
-335.65646200000015 335.65646200000015 0.0095
-335.58224800000016 335.58224800000016 0.0
-335.5080340000002 335.5080340000002 0.0
-335.4338200000002 335.4338200000002 0.0
-335.3594350000002 335.3594350000002 0.0095
-335.2850500000002 335.2850500000002 0.0
-335.2106650000002 335.2106650000002 0.0
-335.13628000000017 335.13628000000017 0.0
-335.0617240000002 335.0617240000002 0.0095
-334.9871680000002 334.9871680000002 0.0
-334.91261200000025 334.91261200000025 0.0
-334.8380560000003 334.8380560000003 0.0
-334.7633290000003 334.7633290000003 0.0095
-334.6886020000003 334.6886020000003 0.0
-334.6138750000003 334.6138750000003 0.0
-334.5391480000003 334.5391480000003 0.0
-334.4642500000003 334.4642500000003 0.0095
-334.38935200000026 334.38935200000026 0.0
-334.31445400000024 334.31445400000024 0.0
-334.2395560000002 334.2395560000002 0.0
-334.16448700000024 334.16448700000024 0.0095
-334.08941800000025 334.08941800000025 0.0
-334.01434900000027 334.01434900000027 0.0
-333.9392800000003 333.9392800000003 0.0
-333.8640400000003 333.8640400000003 0.0095
-333.78880000000026 333.78880000000026 0.0
-333.71356000000026 333.71356000000026 0.0
-333.63832000000025 333.63832000000025 0.0
-333.5629090000003 333.5629090000003 0.0095
-333.4874980000003 333.4874980000003 0.0
-333.4120870000003 333.4120870000003 0.0
-333.33667600000035 333.33667600000035 0.0
-333.26109400000036 333.26109400000036 0.0095
-333.18551200000036 333.18551200000036 0.0
-333.10993000000036 333.10993000000036 0.0
-333.03434800000036 333.03434800000036 0.0
-332.95859500000034 332.95859500000034 0.0095
-332.8828420000003 332.8828420000003 0.0
-332.8070890000003 332.8070890000003 0.0
-332.7313360000003 332.7313360000003 0.0
-332.6554120000003 332.6554120000003 0.0095
-332.5794880000003 332.5794880000003 0.0
-332.5035640000003 332.5035640000003 0.0
-332.42764000000034 332.42764000000034 0.0
-332.3515450000003 332.3515450000003 0.0095
-332.2754500000003 332.2754500000003 0.0
-332.1993550000003 332.1993550000003 0.0
-332.1232600000003 332.1232600000003 0.0
-332.0469940000003 332.0469940000003 0.0095
-331.97072800000035 331.97072800000035 0.0
-331.8944620000004 331.8944620000004 0.0
-331.8181960000004 331.8181960000004 0.0
-331.7417590000004 331.7417590000004 0.0095
-331.6653220000004 331.6653220000004 0.0
-331.5888850000004 331.5888850000004 0.0
-331.5124480000004 331.5124480000004 0.0
-331.4358400000004 331.4358400000004 0.0095
-331.35923200000036 331.35923200000036 0.0
-331.28262400000034 331.28262400000034 0.0
-331.2060160000003 331.2060160000003 0.0
-331.12923700000033 331.12923700000033 0.0095
-331.05245800000034 331.05245800000034 0.0
-330.97567900000035 330.97567900000035 0.0
-330.89890000000037 330.89890000000037 0.0
-330.82195000000036 330.82195000000036 0.0095
-330.74500000000035 330.74500000000035 0.0
-330.66805000000033 330.66805000000033 0.0
-330.5911000000003 330.5911000000003 0.0
-330.51397900000035 330.51397900000035 0.0095
-330.43685800000037 330.43685800000037 0.0
-330.3597370000004 330.3597370000004 0.0
-330.2826160000004 330.2826160000004 0.0
-330.2053240000004 330.2053240000004 0.0095
-330.1280320000004 330.1280320000004 0.0
-330.0507400000004 330.0507400000004 0.0
-329.9734480000004 329.9734480000004 0.0
-329.8959850000004 329.8959850000004 0.0095
-329.81852200000037 329.81852200000037 0.0
-329.74105900000035 329.74105900000035 0.0
-329.6635960000003 329.6635960000003 0.0
-329.58596200000034 329.58596200000034 0.0095
-329.50832800000035 329.50832800000035 0.0
-329.43069400000036 329.43069400000036 0.0
-329.35306000000037 329.35306000000037 0.0
-329.27525500000036 329.27525500000036 0.0095
-329.19745000000034 329.19745000000034 0.0
-329.11964500000033 329.11964500000033 0.0
-329.0418400000003 329.0418400000003 0.0
-328.96386400000034 328.96386400000034 0.0095
-328.88588800000036 328.88588800000036 0.0
-328.8079120000004 328.8079120000004 0.0
-328.7299360000004 328.7299360000004 0.0
-328.6517890000004 328.6517890000004 0.0095
-328.5736420000004 328.5736420000004 0.0
-328.4954950000004 328.4954950000004 0.0
-328.4173480000004 328.4173480000004 0.0
-328.3390300000004 328.3390300000004 0.0095
-328.26071200000035 328.26071200000035 0.0
-328.18239400000033 328.18239400000033 0.0
-328.1040760000003 328.1040760000003 0.0
-328.0255870000003 328.0255870000003 0.0095
-327.9470980000003 327.9470980000003 0.0
-327.86860900000033 327.86860900000033 0.0
-327.79012000000034 327.79012000000034 0.0
-327.71146000000033 327.71146000000033 0.0095
-327.6328000000003 327.6328000000003 0.0
-327.5541400000003 327.5541400000003 0.0
-327.4754800000003 327.4754800000003 0.0
-327.3966490000003 327.3966490000003 0.0095
-327.31781800000033 327.31781800000033 0.0
-327.23898700000035 327.23898700000035 0.0
-327.16015600000037 327.16015600000037 0.0
-327.08115400000037 327.08115400000037 0.0095
-327.00215200000036 327.00215200000036 0.0
-326.92315000000036 326.92315000000036 0.0
-326.84414800000036 326.84414800000036 0.0
-326.76497500000033 326.76497500000033 0.0095
-326.6858020000003 326.6858020000003 0.0
-326.6066290000003 326.6066290000003 0.0
-326.52745600000026 326.52745600000026 0.0
-326.44811200000026 326.44811200000026 0.0095
-326.3687680000003 326.3687680000003 0.0
-326.2894240000003 326.2894240000003 0.0
-326.2100800000003 326.2100800000003 0.0
-326.1305650000003 326.1305650000003 0.0095
-326.05105000000026 326.05105000000026 0.0
-325.97153500000024 325.97153500000024 0.0
-325.89202000000023 325.89202000000023 0.0
-325.81233400000025 325.81233400000025 0.0095
-325.73264800000027 325.73264800000027 0.0
-325.6529620000003 325.6529620000003 0.0
-325.5732760000003 325.5732760000003 0.0
-325.4934190000003 325.4934190000003 0.0095
-325.4135620000003 325.4135620000003 0.0
-325.3337050000003 325.3337050000003 0.0
-325.2538480000003 325.2538480000003 0.0
-325.17382000000026 325.17382000000026 0.0095
-325.09379200000024 325.09379200000024 0.0
-325.0137640000002 325.0137640000002 0.0
-324.9337360000002 324.9337360000002 0.0
-324.8535370000002 324.8535370000002 0.0095
-324.7733380000002 324.7733380000002 0.0
-324.6931390000002 324.6931390000002 0.0
-324.6129400000002 324.6129400000002 0.0
-324.5325700000002 324.5325700000002 0.0095
-324.4522000000002 324.4522000000002 0.0
-324.37183000000016 324.37183000000016 0.0
-324.29146000000014 324.29146000000014 0.0
-324.21091900000016 324.21091900000016 0.0095
-324.1303780000002 324.1303780000002 0.0
-324.0498370000002 324.0498370000002 0.0
-323.9692960000002 323.9692960000002 0.0
-323.8885840000002 323.8885840000002 0.0095
-323.8078720000002 323.8078720000002 0.0
-323.7271600000002 323.7271600000002 0.0
-323.6464480000002 323.6464480000002 0.0
-323.5655650000002 323.5655650000002 0.0095
-323.48468200000025 323.48468200000025 0.0
-323.4037990000003 323.4037990000003 0.0
-323.3229160000003 323.3229160000003 0.0
-323.2418620000003 323.2418620000003 0.0095
-323.1608080000003 323.1608080000003 0.0
-323.0797540000003 323.0797540000003 0.0
-322.9987000000003 322.9987000000003 0.0
-322.9174750000003 322.9174750000003 0.0095
-322.8362500000003 322.8362500000003 0.0
-322.7550250000003 322.7550250000003 0.0
-322.67380000000026 322.67380000000026 0.0
-322.5924040000003 322.5924040000003 0.0095
-322.5110080000003 322.5110080000003 0.0
-322.4296120000003 322.4296120000003 0.0
-322.3482160000003 322.3482160000003 0.0
-322.2666490000003 322.2666490000003 0.0095
-322.1850820000003 322.1850820000003 0.0
-322.1035150000003 322.1035150000003 0.0
-322.0219480000003 322.0219480000003 0.0
-321.9402100000003 321.9402100000003 0.0095
-321.85847200000035 321.85847200000035 0.0
-321.7767340000004 321.7767340000004 0.0
-321.6949960000004 321.6949960000004 0.0
-321.6130870000004 321.6130870000004 0.0095
-321.5311780000004 321.5311780000004 0.0
-321.4492690000004 321.4492690000004 0.0
-321.3673600000004 321.3673600000004 0.0
-321.2852800000004 321.2852800000004 0.0095
-321.2032000000004 321.2032000000004 0.0
-321.12112000000036 321.12112000000036 0.0
-321.03904000000034 321.03904000000034 0.0
-320.95678900000036 320.95678900000036 0.0095
-320.87453800000037 320.87453800000037 0.0
-320.7922870000004 320.7922870000004 0.0
-320.7100360000004 320.7100360000004 0.0
-320.6276140000004 320.6276140000004 0.0095
-320.5451920000004 320.5451920000004 0.0
-320.4627700000004 320.4627700000004 0.0
-320.38034800000037 320.38034800000037 0.0
-320.2977550000004 320.2977550000004 0.0095
-320.2151620000004 320.2151620000004 0.0
-320.13256900000044 320.13256900000044 0.0
-320.04997600000047 320.04997600000047 0.0
-319.9672120000005 319.9672120000005 0.0095
-319.8844480000005 319.8844480000005 0.0
-319.8016840000005 319.8016840000005 0.0
-319.7189200000005 319.7189200000005 0.0
-319.63598500000046 319.63598500000046 0.0095
-319.55305000000044 319.55305000000044 0.0
-319.4701150000004 319.4701150000004 0.0
-319.3871800000004 319.3871800000004 0.0
-319.3040740000004 319.3040740000004 0.0095
-319.2209680000004 319.2209680000004 0.0
-319.13786200000044 319.13786200000044 0.0
-319.05475600000045 319.05475600000045 0.0
-318.97147900000044 318.97147900000044 0.0095
-318.88820200000043 318.88820200000043 0.0
-318.8049250000004 318.8049250000004 0.0
-318.7216480000004 318.7216480000004 0.0
-318.63820000000044 318.63820000000044 0.0095
-318.55475200000046 318.55475200000046 0.0
-318.4713040000005 318.4713040000005 0.0
-318.3878560000005 318.3878560000005 0.0
-318.3042370000005 318.3042370000005 0.0095
-318.2206180000005 318.2206180000005 0.0
-318.1369990000005 318.1369990000005 0.0
-318.0533800000005 318.0533800000005 0.0
-317.9695900000005 317.9695900000005 0.0095
-317.8858000000005 317.8858000000005 0.0
-317.80201000000045 317.80201000000045 0.0
-317.71822000000043 317.71822000000043 0.0
-317.63425900000044 317.63425900000044 0.0095
-317.55029800000045 317.55029800000045 0.0
-317.46633700000046 317.46633700000046 0.0
-317.3823760000005 317.3823760000005 0.0
-317.29824400000047 317.29824400000047 0.0095
-317.21411200000045 317.21411200000045 0.0
-317.12998000000044 317.12998000000044 0.0
-317.04584800000043 317.04584800000043 0.0
-316.96154500000046 316.96154500000046 0.0095
-316.8772420000005 316.8772420000005 0.0
-316.7929390000005 316.7929390000005 0.0
-316.7086360000005 316.7086360000005 0.0
-316.6241620000005 316.6241620000005 0.0095
-316.5396880000005 316.5396880000005 0.0
-316.4552140000005 316.4552140000005 0.0
-316.3707400000005 316.3707400000005 0.0
-316.2860950000005 316.2860950000005 0.0095
-316.2014500000005 316.2014500000005 0.0
-316.11680500000045 316.11680500000045 0.0
-316.03216000000043 316.03216000000043 0.0
-315.94734400000044 315.94734400000044 0.0095
-315.86252800000045 315.86252800000045 0.0
-315.77771200000046 315.77771200000046 0.0
-315.6928960000005 315.6928960000005 0.0
-315.60790900000046 315.60790900000046 0.0095
-315.52292200000045 315.52292200000045 0.0
-315.43793500000044 315.43793500000044 0.0
-315.3529480000004 315.3529480000004 0.0
-315.26779000000045 315.26779000000045 0.0095
-315.18263200000047 315.18263200000047 0.0
-315.0974740000005 315.0974740000005 0.0
-315.0123160000005 315.0123160000005 0.0
-314.9269870000005 314.9269870000005 0.0095
-314.8416580000005 314.8416580000005 0.0
-314.7563290000005 314.7563290000005 0.0
-314.6710000000005 314.6710000000005 0.0
-314.5855000000005 314.5855000000005 0.0095
-314.50000000000045 314.50000000000045 0.0
-314.41450000000043 314.41450000000043 0.0
-314.3290000000004 314.3290000000004 0.0
-314.2433290000004 314.2433290000004 0.0095
-314.1576580000004 314.1576580000004 0.0
-314.07198700000043 314.07198700000043 0.0
-313.98631600000044 313.98631600000044 0.0
-313.90047400000043 313.90047400000043 0.0095
-313.8146320000004 313.8146320000004 0.0
-313.7287900000004 313.7287900000004 0.0
-313.6429480000004 313.6429480000004 0.0
-313.5569350000004 313.5569350000004 0.0095
-313.4709220000004 313.4709220000004 0.0
-313.38490900000045 313.38490900000045 0.0
-313.29889600000047 313.29889600000047 0.0
-313.21271200000047 313.21271200000047 0.0095
-313.12652800000046 313.12652800000046 0.0
-313.04034400000046 313.04034400000046 0.0
-312.95416000000046 312.95416000000046 0.0
-312.86780500000043 312.86780500000043 0.0095
-312.7814500000004 312.7814500000004 0.0
-312.6950950000004 312.6950950000004 0.0
-312.60874000000035 312.60874000000035 0.0
-312.52221400000036 312.52221400000036 0.0095
-312.43568800000037 312.43568800000037 0.0
-312.3491620000004 312.3491620000004 0.0
-312.2626360000004 312.2626360000004 0.0
-312.17593900000037 312.17593900000037 0.0095
-312.08924200000035 312.08924200000035 0.0
-312.00254500000034 312.00254500000034 0.0
-311.9158480000003 311.9158480000003 0.0
-311.82898000000034 311.82898000000034 0.0095
-311.74211200000036 311.74211200000036 0.0
-311.6552440000004 311.6552440000004 0.0
-311.5683760000004 311.5683760000004 0.0
-311.4813370000004 311.4813370000004 0.0095
-311.3942980000004 311.3942980000004 0.0
-311.3072590000004 311.3072590000004 0.0
-311.2202200000004 311.2202200000004 0.0
-311.13301000000035 311.13301000000035 0.0095
-311.0458000000003 311.0458000000003 0.0
-310.9585900000003 310.9585900000003 0.0
-310.8713800000003 310.8713800000003 0.0
-310.7839990000003 310.7839990000003 0.0095
-310.6966180000003 310.6966180000003 0.0
-310.6092370000003 310.6092370000003 0.0
-310.5218560000003 310.5218560000003 0.0
-310.4343040000003 310.4343040000003 0.0095
-310.34675200000027 310.34675200000027 0.0
-310.25920000000025 310.25920000000025 0.0
-310.17164800000023 310.17164800000023 0.0
-310.08392500000025 310.08392500000025 0.0095
-309.99620200000027 309.99620200000027 0.0
-309.9084790000003 309.9084790000003 0.0
-309.8207560000003 309.8207560000003 0.0
-309.7328620000003 309.7328620000003 0.0095
-309.6449680000003 309.6449680000003 0.0
-309.5570740000003 309.5570740000003 0.0
-309.4691800000003 309.4691800000003 0.0
-309.3811150000003 309.3811150000003 0.0095
-309.29305000000033 309.29305000000033 0.0
-309.20498500000036 309.20498500000036 0.0
-309.1169200000004 309.1169200000004 0.0
-309.0286840000004 309.0286840000004 0.0095
-308.9404480000004 308.9404480000004 0.0
-308.8522120000004 308.8522120000004 0.0
-308.7639760000004 308.7639760000004 0.0
-308.6755690000004 308.6755690000004 0.0095
-308.5871620000004 308.5871620000004 0.0
-308.49875500000036 308.49875500000036 0.0
-308.41034800000034 308.41034800000034 0.0
-308.32177000000036 308.32177000000036 0.0095
-308.2331920000004 308.2331920000004 0.0
-308.1446140000004 308.1446140000004 0.0
-308.0560360000004 308.0560360000004 0.0
-307.9672870000004 307.9672870000004 0.0095
-307.8785380000004 307.8785380000004 0.0
-307.7897890000004 307.7897890000004 0.0
-307.7010400000004 307.7010400000004 0.0
-307.6121200000004 307.6121200000004 0.0095
-307.52320000000043 307.52320000000043 0.0
-307.43428000000046 307.43428000000046 0.0
-307.3453600000005 307.3453600000005 0.0
-307.2562690000005 307.2562690000005 0.0095
-307.1671780000005 307.1671780000005 0.0
-307.0780870000005 307.0780870000005 0.0
-306.9889960000005 306.9889960000005 0.0
-306.8997340000005 306.8997340000005 0.0095
-306.81047200000046 306.81047200000046 0.0
-306.72121000000044 306.72121000000044 0.0
-306.6319480000004 306.6319480000004 0.0
-306.54251500000044 306.54251500000044 0.0095
-306.45308200000045 306.45308200000045 0.0
-306.36364900000046 306.36364900000046 0.0
-306.2742160000005 306.2742160000005 0.0
-306.18461200000047 306.18461200000047 0.0095
-306.09500800000046 306.09500800000046 0.0
-306.00540400000045 306.00540400000045 0.0
-305.91580000000044 305.91580000000044 0.0
-305.82602500000047 305.82602500000047 0.0095
-305.7362500000005 305.7362500000005 0.0
-305.6464750000005 305.6464750000005 0.0
-305.55670000000055 305.55670000000055 0.0
-305.46675400000055 305.46675400000055 0.0095
-305.37680800000055 305.37680800000055 0.0
-305.28686200000055 305.28686200000055 0.0
-305.19691600000056 305.19691600000056 0.0
-305.10679900000054 305.10679900000054 0.0095
-305.0166820000005 305.0166820000005 0.0
-304.9265650000005 304.9265650000005 0.0
-304.8364480000005 304.8364480000005 0.0
-304.7461600000005 304.7461600000005 0.0095
-304.6558720000005 304.6558720000005 0.0
-304.5655840000005 304.5655840000005 0.0
-304.4752960000005 304.4752960000005 0.0
-304.3848370000005 304.3848370000005 0.0095
-304.2943780000005 304.2943780000005 0.0
-304.2039190000005 304.2039190000005 0.0
-304.1134600000005 304.1134600000005 0.0
-304.0228300000005 304.0228300000005 0.0095
-303.93220000000053 303.93220000000053 0.0
-303.84157000000056 303.84157000000056 0.0
-303.7509400000006 303.7509400000006 0.0
-303.6601390000006 303.6601390000006 0.0095
-303.5693380000006 303.5693380000006 0.0
-303.4785370000006 303.4785370000006 0.0
-303.3877360000006 303.3877360000006 0.0
-303.29676400000056 303.29676400000056 0.0095
-303.20579200000054 303.20579200000054 0.0
-303.1148200000005 303.1148200000005 0.0
-303.0238480000005 303.0238480000005 0.0
-302.9327050000005 302.9327050000005 0.0095
-302.8415620000005 302.8415620000005 0.0
-302.75041900000053 302.75041900000053 0.0
-302.65927600000055 302.65927600000055 0.0
-302.56796200000053 302.56796200000053 0.0095
-302.4766480000005 302.4766480000005 0.0
-302.3853340000005 302.3853340000005 0.0
-302.2940200000005 302.2940200000005 0.0
-302.2025350000005 302.2025350000005 0.0095
-302.11105000000055 302.11105000000055 0.0
-302.01956500000057 302.01956500000057 0.0
-301.9280800000006 301.9280800000006 0.0
-301.8364240000006 301.8364240000006 0.0095
-301.7447680000006 301.7447680000006 0.0
-301.6531120000006 301.6531120000006 0.0
-301.5614560000006 301.5614560000006 0.0
-301.46962900000057 301.46962900000057 0.0095
-301.37780200000054 301.37780200000054 0.0
-301.2859750000005 301.2859750000005 0.0
-301.1941480000005 301.1941480000005 0.0
-301.1021500000005 301.1021500000005 0.0095
-301.0101520000005 301.0101520000005 0.0
-300.9181540000005 300.9181540000005 0.0
-300.82615600000054 300.82615600000054 0.0
-300.7339870000005 300.7339870000005 0.0095
-300.6418180000005 300.6418180000005 0.0
-300.5496490000005 300.5496490000005 0.0
-300.4574800000005 300.4574800000005 0.0
-300.3651400000005 300.3651400000005 0.0095
-300.27280000000053 300.27280000000053 0.0
-300.18046000000055 300.18046000000055 0.0
-300.0881200000006 300.0881200000006 0.0
-299.99560900000057 299.99560900000057 0.0095
-299.90309800000057 299.90309800000057 0.0
-299.81058700000057 299.81058700000057 0.0
-299.71807600000056 299.71807600000056 0.0
-299.62539400000054 299.62539400000054 0.0095
-299.5327120000005 299.5327120000005 0.0
-299.4400300000005 299.4400300000005 0.0
-299.34734800000047 299.34734800000047 0.0
-299.2544950000005 299.2544950000005 0.0095
-299.1616420000005 299.1616420000005 0.0
-299.0687890000005 299.0687890000005 0.0
-298.9759360000005 298.9759360000005 0.0
-298.8829120000005 298.8829120000005 0.0095
-298.7898880000005 298.7898880000005 0.0
-298.69686400000046 298.69686400000046 0.0
-298.60384000000045 298.60384000000045 0.0
-298.51064500000047 298.51064500000047 0.0095
-298.4174500000005 298.4174500000005 0.0
-298.3242550000005 298.3242550000005 0.0
-298.2310600000005 298.2310600000005 0.0
-298.1376940000005 298.1376940000005 0.0095
-298.0443280000005 298.0443280000005 0.0
-297.9509620000005 297.9509620000005 0.0
-297.8575960000005 297.8575960000005 0.0
-297.7640590000005 297.7640590000005 0.0095
-297.67052200000046 297.67052200000046 0.0
-297.57698500000043 297.57698500000043 0.0
-297.4834480000004 297.4834480000004 0.0
-297.3897400000004 297.3897400000004 0.0095
-297.2960320000004 297.2960320000004 0.0
-297.20232400000043 297.20232400000043 0.0
-297.10861600000044 297.10861600000044 0.0
-297.0147370000004 297.0147370000004 0.0095
-296.9208580000004 296.9208580000004 0.0
-296.8269790000004 296.8269790000004 0.0
-296.7331000000004 296.7331000000004 0.0
-296.6390500000004 296.6390500000004 0.0095
-296.5450000000004 296.5450000000004 0.0
-296.45095000000043 296.45095000000043 0.0
-296.35690000000045 296.35690000000045 0.0
-296.26267900000045 296.26267900000045 0.0095
-296.16845800000044 296.16845800000044 0.0
-296.07423700000044 296.07423700000044 0.0
-295.98001600000043 295.98001600000043 0.0
-295.8856240000004 295.8856240000004 0.0095
-295.7912320000004 295.7912320000004 0.0
-295.69684000000035 295.69684000000035 0.0
-295.6024480000003 295.6024480000003 0.0
-295.50788500000033 295.50788500000033 0.0095
-295.41332200000033 295.41332200000033 0.0
-295.31875900000034 295.31875900000034 0.0
-295.22419600000035 295.22419600000035 0.0
-295.12946200000033 295.12946200000033 0.0095
-295.0347280000003 295.0347280000003 0.0
-294.9399940000003 294.9399940000003 0.0
-294.8452600000003 294.8452600000003 0.0
-294.7503550000003 294.7503550000003 0.0095
-294.6554500000003 294.6554500000003 0.0
-294.56054500000033 294.56054500000033 0.0
-294.46564000000035 294.46564000000035 0.0
-294.37056400000034 294.37056400000034 0.0095
-294.27548800000034 294.27548800000034 0.0
-294.18041200000033 294.18041200000033 0.0
-294.0853360000003 294.0853360000003 0.0
-293.99008900000035 293.99008900000035 0.0095
-293.8948420000004 293.8948420000004 0.0
-293.7995950000004 293.7995950000004 0.0
-293.70434800000044 293.70434800000044 0.0
-293.60893000000044 293.60893000000044 0.0095
-293.51351200000045 293.51351200000045 0.0
-293.41809400000045 293.41809400000045 0.0
-293.32267600000046 293.32267600000046 0.0
-293.22708700000044 293.22708700000044 0.0095
-293.1314980000004 293.1314980000004 0.0
-293.0359090000004 293.0359090000004 0.0
-292.9403200000004 292.9403200000004 0.0
-292.8445600000004 292.8445600000004 0.0095
-292.7488000000004 292.7488000000004 0.0
-292.65304000000043 292.65304000000043 0.0
-292.55728000000045 292.55728000000045 0.0
-292.46134900000044 292.46134900000044 0.0095
-292.36541800000043 292.36541800000043 0.0
-292.2694870000004 292.2694870000004 0.0
-292.1735560000004 292.1735560000004 0.0
-292.07745400000044 292.07745400000044 0.0095
-291.98135200000047 291.98135200000047 0.0
-291.8852500000005 291.8852500000005 0.0
-291.7891480000005 291.7891480000005 0.0
-291.6928750000005 291.6928750000005 0.0095
-291.59660200000053 291.59660200000053 0.0
-291.50032900000053 291.50032900000053 0.0
-291.40405600000054 291.40405600000054 0.0
-291.3076120000005 291.3076120000005 0.0095
-291.2111680000005 291.2111680000005 0.0
-291.1147240000005 291.1147240000005 0.0
-291.01828000000046 291.01828000000046 0.0
-290.9216650000005 290.9216650000005 0.0095
-290.8250500000005 290.8250500000005 0.0
-290.7284350000005 290.7284350000005 0.0
-290.6318200000005 290.6318200000005 0.0
-290.5350340000005 290.5350340000005 0.0095
-290.4382480000005 290.4382480000005 0.0
-290.3414620000005 290.3414620000005 0.0
-290.2446760000005 290.2446760000005 0.0
-290.1477190000005 290.1477190000005 0.0095
-290.05076200000053 290.05076200000053 0.0
-289.95380500000056 289.95380500000056 0.0
-289.8568480000006 289.8568480000006 0.0
-289.7597200000006 289.7597200000006 0.0095
-289.6625920000006 289.6625920000006 0.0
-289.5654640000006 289.5654640000006 0.0
-289.4683360000006 289.4683360000006 0.0
-289.37103700000057 289.37103700000057 0.0095
-289.27373800000055 289.27373800000055 0.0
-289.1764390000005 289.1764390000005 0.0
-289.0791400000005 289.0791400000005 0.0
-288.9816700000005 288.9816700000005 0.0095
-288.88420000000053 288.88420000000053 0.0
-288.78673000000055 288.78673000000055 0.0
-288.68926000000056 288.68926000000056 0.0
-288.59161900000055 288.59161900000055 0.0095
-288.49397800000054 288.49397800000054 0.0
-288.3963370000005 288.3963370000005 0.0
-288.2986960000005 288.2986960000005 0.0
-288.20088400000054 288.20088400000054 0.0095
-288.10307200000057 288.10307200000057 0.0
-288.0052600000006 288.0052600000006 0.0
-287.9074480000006 287.9074480000006 0.0
-287.8094650000006 287.8094650000006 0.0095
-287.7114820000006 287.7114820000006 0.0
-287.6134990000006 287.6134990000006 0.0
-287.5155160000006 287.5155160000006 0.0
-287.4173620000006 287.4173620000006 0.0095
-287.3192080000006 287.3192080000006 0.0
-287.22105400000055 287.22105400000055 0.0
-287.1229000000005 287.1229000000005 0.0
-287.02457500000054 287.02457500000054 0.0095
-286.92625000000055 286.92625000000055 0.0
-286.82792500000056 286.82792500000056 0.0
-286.7296000000006 286.7296000000006 0.0
-286.63110400000056 286.63110400000056 0.0095
-286.53260800000055 286.53260800000055 0.0
-286.43411200000054 286.43411200000054 0.0
-286.3356160000005 286.3356160000005 0.0
-286.23694900000055 286.23694900000055 0.0095
-286.1382820000006 286.1382820000006 0.0
-286.0396150000006 286.0396150000006 0.0
-285.9409480000006 285.9409480000006 0.0
-285.8421100000006 285.8421100000006 0.0095
-285.7432720000006 285.7432720000006 0.0
-285.6444340000006 285.6444340000006 0.0
-285.5455960000006 285.5455960000006 0.0
-285.4465870000006 285.4465870000006 0.0095
-285.34757800000057 285.34757800000057 0.0
-285.24856900000054 285.24856900000054 0.0
-285.1495600000005 285.1495600000005 0.0
-285.05038000000053 285.05038000000053 0.0095
-284.95120000000054 284.95120000000054 0.0
-284.85202000000055 284.85202000000055 0.0
-284.75284000000056 284.75284000000056 0.0
-284.65348900000055 284.65348900000055 0.0095
-284.55413800000053 284.55413800000053 0.0
-284.4547870000005 284.4547870000005 0.0
-284.3554360000005 284.3554360000005 0.0
-284.25591400000053 284.25591400000053 0.0095
-284.15639200000055 284.15639200000055 0.0
-284.0568700000006 284.0568700000006 0.0
-283.9573480000006 283.9573480000006 0.0
-283.8576550000006 283.8576550000006 0.0095
-283.7579620000006 283.7579620000006 0.0
-283.6582690000006 283.6582690000006 0.0
-283.5585760000006 283.5585760000006 0.0
-283.45871200000056 283.45871200000056 0.0095
-283.35884800000053 283.35884800000053 0.0
-283.2589840000005 283.2589840000005 0.0
-283.1591200000005 283.1591200000005 0.0
-283.0590850000005 283.0590850000005 0.0095
-282.9590500000005 282.9590500000005 0.0
-282.8590150000005 282.8590150000005 0.0
-282.7589800000005 282.7589800000005 0.0
-282.6587740000005 282.6587740000005 0.0095
-282.5585680000005 282.5585680 0.0
